2011769.1772008|5258938.4068321||150
2011269.1772008|5258438.4068321||150
2011269.1772008|5258518.4068321||150
2011269.1772008|5258598.4068321||150
2011269.1772008|5258678.4068321||150
2011269.1772008|5258758.4068321||150
2011269.1772008|5258838.4068321||150
2011269.1772008|5258918.4068321||150
2011269.1772008|5258998.4068321||150
2011269.1772008|5259078.4068321||150
2011269.1772008|5259158.4068321||150
2011269.1772008|5259238.4068321||150
2011269.1772008|5259318.4068321||150
2011269.1772008|5259398.4068321||150
2011269.1772008|5259478.4068321||150
2011269.1772008|5259558.4068321||150
2011269.1772008|5259638.4068321||150
2011269.1772008|5259718.4068321||150
2011269.1772008|5259798.4068321||150
2011269.1772008|5259878.4068321||150
2011269.1772008|5259958.4068321||150
2011269.1772008|5260038.4068321||150
2011269.1772008|5260118.4068321||150
2011269.1772008|5260198.4068321||150
2011269.1772008|5260278.4068321||150
2011269.1772008|5260358.4068321||150
2011349.1772008|5258438.4068321||150
2011349.1772008|5258518.4068321||150
2011349.1772008|5258598.4068321||150
2011349.1772008|5258678.4068321||150
2011349.1772008|5258758.4068321||150
2011349.1772008|5258838.4068321||150
2011349.1772008|5258918.4068321||150
2011349.1772008|5258998.4068321||150
2011349.1772008|5259078.4068321||150
2011349.1772008|5259158.4068321||150
2011349.1772008|5259238.4068321||150
2011349.1772008|5259318.4068321||150
2011349.1772008|5259398.4068321||150
2011349.1772008|5259478.4068321||150
2011349.1772008|5259558.4068321||150
2011349.1772008|5259638.4068321||150
2011349.1772008|5259718.4068321||150
2011349.1772008|5259798.4068321||150
2011349.1772008|5259878.4068321||150
2011349.1772008|5259958.4068321||150
2011349.1772008|5260038.4068321||150
2011349.1772008|5260118.4068321||150
2011349.1772008|5260198.4068321||150
2011349.1772008|5260278.4068321||150
2011349.1772008|5260358.4068321||150
2011429.1772008|5258438.4068321||150
2011429.1772008|5258518.4068321||150
2011429.1772008|5258598.4068321||150
2011429.1772008|5258678.4068321||150
2011429.1772008|5258758.4068321||150
2011429.1772008|5258838.4068321||150
2011429.1772008|5258918.4068321||150
2011429.1772008|5258998.4068321||150
2011429.1772008|5259078.4068321||150
2011429.1772008|5259158.4068321||150
2011429.1772008|5259238.4068321||150
2011429.1772008|5259318.4068321||150
2011429.1772008|5259398.4068321||150
2011429.1772008|5259478.4068321||150
2011429.1772008|5259558.4068321||150
2011429.1772008|5259638.4068321||150
2011429.1772008|5259718.4068321||150
2011429.1772008|5259798.4068321||150
2011429.1772008|5259878.4068321||150
2011429.1772008|5259958.4068321||150
2011429.1772008|5260038.4068321||150
2011429.1772008|5260118.4068321||150
2011429.1772008|5260198.4068321||150
2011429.1772008|5260278.4068321||150
2011429.1772008|5260358.4068321||150
2011509.1772008|5258438.4068321||150
2011509.1772008|5258518.4068321||150
2011509.1772008|5258598.4068321||150
2011509.1772008|5258678.4068321||150
2011509.1772008|5258758.4068321||150
2011509.1772008|5258838.4068321||150
2011509.1772008|5258918.4068321||150
2011509.1772008|5258998.4068321||150
2011509.1772008|5259078.4068321||150
2011509.1772008|5259158.4068321||150
2011509.1772008|5259238.4068321||150
2011509.1772008|5259318.4068321||150
2011509.1772008|5259398.4068321||150
2011509.1772008|5259478.4068321||150
2011509.1772008|5259558.4068321||150
2011509.1772008|5259638.4068321||150
2011509.1772008|5259718.4068321||150
2011509.1772008|5259798.4068321||150
2011509.1772008|5259878.4068321||150
2011509.1772008|5259958.4068321||150
2011509.1772008|5260038.4068321||150
2011509.1772008|5260118.4068321||150
2011509.1772008|5260198.4068321||150
2011509.1772008|5260278.4068321||150
2011509.1772008|5260358.4068321||150
2011589.1772008|5258438.4068321||150
2011589.1772008|5258518.4068321||150
2011589.1772008|5258598.4068321||150
2011589.1772008|5258678.4068321||150
2011589.1772008|5258758.4068321||150
2011589.1772008|5258838.4068321||150
2011589.1772008|5258918.4068321||150
2011589.1772008|5258998.4068321||150
2011589.1772008|5259078.4068321||150
2011589.1772008|5259158.4068321||150
2011589.1772008|5259238.4068321||150
2011589.1772008|5259318.4068321||150
2011589.1772008|5259398.4068321||150
2011589.1772008|5259478.4068321||150
2011589.1772008|5259558.4068321||150
2011589.1772008|5259638.4068321||150
2011589.1772008|5259718.4068321||150
2011589.1772008|5259798.4068321||150
2011589.1772008|5259878.4068321||150
2011589.1772008|5259958.4068321||150
2011589.1772008|5260038.4068321||150
2011589.1772008|5260118.4068321||150
2011589.1772008|5260198.4068321||150
2011589.1772008|5260278.4068321||150
2011589.1772008|5260358.4068321||150
2011669.1772008|5258438.4068321||150
2011669.1772008|5258518.4068321||150
2011669.1772008|5258598.4068321||150
2011669.1772008|5258678.4068321||150
2011669.1772008|5258758.4068321||150
2011669.1772008|5258838.4068321||150
2011669.1772008|5258918.4068321||150
2011669.1772008|5258998.4068321||150
2011669.1772008|5259078.4068321||150
2011669.1772008|5259158.4068321||150
2011669.1772008|5259238.4068321||150
2011669.1772008|5259318.4068321||150
2011669.1772008|5259398.4068321||150
2011669.1772008|5259478.4068321||150
2011669.1772008|5259558.4068321||150
2011669.1772008|5259638.4068321||150
2011669.1772008|5259718.4068321||150
2011669.1772008|5259798.4068321||150
2011669.1772008|5259878.4068321||150
2011669.1772008|5259958.4068321||150
2011669.1772008|5260038.4068321||150
2011669.1772008|5260118.4068321||150
2011669.1772008|5260198.4068321||150
2011669.1772008|5260278.4068321||150
2011669.1772008|5260358.4068321||150
2011749.1772008|5258438.4068321||150
2011749.1772008|5258518.4068321||150
2011749.1772008|5258598.4068321||150
2011749.1772008|5258678.4068321||150
2011749.1772008|5258758.4068321||150
2011749.1772008|5258838.4068321||150
2011749.1772008|5258918.4068321||150
2011749.1772008|5258998.4068321||150
2011749.1772008|5259078.4068321||150
2011749.1772008|5259158.4068321||150
2011749.1772008|5259238.4068321||150
2011749.1772008|5259318.4068321||150
2011749.1772008|5259398.4068321||150
2011749.1772008|5259478.4068321||150
2011749.1772008|5259558.4068321||150
2011749.1772008|5259638.4068321||150
2011749.1772008|5259718.4068321||150
2011749.1772008|5259798.4068321||150
2011749.1772008|5259878.4068321||150
2011749.1772008|5259958.4068321||150
2011749.1772008|5260038.4068321||150
2011749.1772008|5260118.4068321||150
2011749.1772008|5260198.4068321||150
2011749.1772008|5260278.4068321||150
2011749.1772008|5260358.4068321||150
2011829.1772008|5258438.4068321||150
2011829.1772008|5258518.4068321||150
2011829.1772008|5258598.4068321||150
2011829.1772008|5258678.4068321||150
2011829.1772008|5258758.4068321||150
2011829.1772008|5258838.4068321||150
2011829.1772008|5258918.4068321||150
2011829.1772008|5258998.4068321||150
2011829.1772008|5259078.4068321||150
2011829.1772008|5259158.4068321||150
2011829.1772008|5259238.4068321||150
2011829.1772008|5259318.4068321||150
2011829.1772008|5259398.4068321||150
2011829.1772008|5259478.4068321||150
2011829.1772008|5259558.4068321||150
2011829.1772008|5259638.4068321||150
2011829.1772008|5259718.4068321||150
2011829.1772008|5259798.4068321||150
2011829.1772008|5259878.4068321||150
2011829.1772008|5259958.4068321||150
2011829.1772008|5260038.4068321||150
2011829.1772008|5260118.4068321||150
2011829.1772008|5260198.4068321||150
2011829.1772008|5260278.4068321||150
2011829.1772008|5260358.4068321||150
2011909.1772008|5258438.4068321||150
2011909.1772008|5258518.4068321||150
2011909.1772008|5258598.4068321||150
2011909.1772008|5258678.4068321||150
2011909.1772008|5258758.4068321||150
2011909.1772008|5258838.4068321||150
2011909.1772008|5258918.4068321||150
2011909.1772008|5258998.4068321||150
2011909.1772008|5259078.4068321||150
2011909.1772008|5259158.4068321||150
2011909.1772008|5259238.4068321||150
2011909.1772008|5259318.4068321||150
2011909.1772008|5259398.4068321||150
2011909.1772008|5259478.4068321||150
2011909.1772008|5259558.4068321||150
2011909.1772008|5259638.4068321||150
2011909.1772008|5259718.4068321||150
2011909.1772008|5259798.4068321||150
2011909.1772008|5259878.4068321||150
2011909.1772008|5259958.4068321||150
2011909.1772008|5260038.4068321||150
2011909.1772008|5260118.4068321||150
2011909.1772008|5260198.4068321||150
2011909.1772008|5260278.4068321||150
2011909.1772008|5260358.4068321||150
2011989.1772008|5258438.4068321||150
2011989.1772008|5258518.4068321||150
2011989.1772008|5258598.4068321||150
2011989.1772008|5258678.4068321||150
2011989.1772008|5258758.4068321||150
2011989.1772008|5258838.4068321||150
2011989.1772008|5258918.4068321||150
2011989.1772008|5258998.4068321||150
2011989.1772008|5259078.4068321||150
2011989.1772008|5259158.4068321||150
2011989.1772008|5259238.4068321||150
2011989.1772008|5259318.4068321||150
2011989.1772008|5259398.4068321||150
2011989.1772008|5259478.4068321||150
2011989.1772008|5259558.4068321||150
2011989.1772008|5259638.4068321||150
2011989.1772008|5259718.4068321||150
2011989.1772008|5259798.4068321||150
2011989.1772008|5259878.4068321||150
2011989.1772008|5259958.4068321||150
2011989.1772008|5260038.4068321||150
2011989.1772008|5260118.4068321||150
2011989.1772008|5260198.4068321||150
2011989.1772008|5260278.4068321||150
2011989.1772008|5260358.4068321||150
2012069.1772008|5258438.4068321||150
2012069.1772008|5258518.4068321||150
2012069.1772008|5258598.4068321||150
2012069.1772008|5258678.4068321||150
2012069.1772008|5258758.4068321||150
2012069.1772008|5258838.4068321||150
2012069.1772008|5258918.4068321||150
2012069.1772008|5258998.4068321||150
2012069.1772008|5259078.4068321||150
2012069.1772008|5259158.4068321||150
2012069.1772008|5259238.4068321||150
2012069.1772008|5259318.4068321||150
2012069.1772008|5259398.4068321||150
2012069.1772008|5259478.4068321||150
2012069.1772008|5259558.4068321||150
2012069.1772008|5259638.4068321||150
2012069.1772008|5259718.4068321||150
2012069.1772008|5259798.4068321||150
2012069.1772008|5259878.4068321||150
2012069.1772008|5259958.4068321||150
2012069.1772008|5260038.4068321||150
2012069.1772008|5260118.4068321||150
2012069.1772008|5260198.4068321||150
2012069.1772008|5260278.4068321||150
2012069.1772008|5260358.4068321||150
2012149.1772008|5258438.4068321||150
2012149.1772008|5258518.4068321||150
2012149.1772008|5258598.4068321||150
2012149.1772008|5258678.4068321||150
2012149.1772008|5258758.4068321||150
2012149.1772008|5258838.4068321||150
2012149.1772008|5258918.4068321||150
2012149.1772008|5258998.4068321||150
2012149.1772008|5259078.4068321||150
2012149.1772008|5259158.4068321||150
2012149.1772008|5259238.4068321||150
2012149.1772008|5259318.4068321||150
2012149.1772008|5259398.4068321||150
2012149.1772008|5259478.4068321||150
2012149.1772008|5259558.4068321||150
2012149.1772008|5259638.4068321||150
2012149.1772008|5259718.4068321||150
2012149.1772008|5259798.4068321||150
2012149.1772008|5259878.4068321||150
2012149.1772008|5259958.4068321||150
2012149.1772008|5260038.4068321||150
2012149.1772008|5260118.4068321||150
2012149.1772008|5260198.4068321||150
2012149.1772008|5260278.4068321||150
2012149.1772008|5260358.4068321||150
2012229.1772008|5258438.4068321||150
2012229.1772008|5258518.4068321||150
2012229.1772008|5258598.4068321||150
2012229.1772008|5258678.4068321||150
2012229.1772008|5258758.4068321||150
2012229.1772008|5258838.4068321||150
2012229.1772008|5258918.4068321||150
2012229.1772008|5258998.4068321||150
2012229.1772008|5259078.4068321||150
2012229.1772008|5259158.4068321||150
2012229.1772008|5259238.4068321||150
2012229.1772008|5259318.4068321||150
2012229.1772008|5259398.4068321||150
2012229.1772008|5259478.4068321||150
2012229.1772008|5259558.4068321||150
2012229.1772008|5259638.4068321||150
2012229.1772008|5259718.4068321||150
2012229.1772008|5259798.4068321||150
2012229.1772008|5259878.4068321||150
2012229.1772008|5259958.4068321||150
2012229.1772008|5260038.4068321||150
2012229.1772008|5260118.4068321||150
2012229.1772008|5260198.4068321||150
2012229.1772008|5260278.4068321||150
2012229.1772008|5260358.4068321||150
2012309.1772008|5258438.4068321||150
2012309.1772008|5258518.4068321||150
2012309.1772008|5258598.4068321||150
2012309.1772008|5258678.4068321||150
2012309.1772008|5258758.4068321||150
2012309.1772008|5258838.4068321||150
2012309.1772008|5258918.4068321||150
2012309.1772008|5258998.4068321||150
2012309.1772008|5259078.4068321||150
2012309.1772008|5259158.4068321||150
2012309.1772008|5259238.4068321||150
2012309.1772008|5259318.4068321||150
2012309.1772008|5259398.4068321||150
2012309.1772008|5259478.4068321||150
2012309.1772008|5259558.4068321||150
2012309.1772008|5259638.4068321||150
2012309.1772008|5259718.4068321||150
2012309.1772008|5259798.4068321||150
2012309.1772008|5259878.4068321||150
2012309.1772008|5259958.4068321||150
2012309.1772008|5260038.4068321||150
2012309.1772008|5260118.4068321||150
2012309.1772008|5260198.4068321||150
2012309.1772008|5260278.4068321||150
2012309.1772008|5260358.4068321||150
2012389.1772008|5258438.4068321||150
2012389.1772008|5258518.4068321||150
2012389.1772008|5258598.4068321||150
2012389.1772008|5258678.4068321||150
2012389.1772008|5258758.4068321||150
2012389.1772008|5258838.4068321||150
2012389.1772008|5258918.4068321||150
2012389.1772008|5258998.4068321||150
2012389.1772008|5259078.4068321||150
2012389.1772008|5259158.4068321||150
2012389.1772008|5259238.4068321||150
2012389.1772008|5259318.4068321||150
2012389.1772008|5259398.4068321||150
2012389.1772008|5259478.4068321||150
2012389.1772008|5259558.4068321||150
2012389.1772008|5259638.4068321||150
2012389.1772008|5259718.4068321||150
2012389.1772008|5259798.4068321||150
2012389.1772008|5259878.4068321||150
2012389.1772008|5259958.4068321||150
2012389.1772008|5260038.4068321||150
2012389.1772008|5260118.4068321||150
2012389.1772008|5260198.4068321||150
2012389.1772008|5260278.4068321||150
2012389.1772008|5260358.4068321||150
2012469.1772008|5258438.4068321||150
2012469.1772008|5258518.4068321||150
2012469.1772008|5258598.4068321||150
2012469.1772008|5258678.4068321||150
2012469.1772008|5258758.4068321||150
2012469.1772008|5258838.4068321||150
2012469.1772008|5258918.4068321||150
2012469.1772008|5258998.4068321||150
2012469.1772008|5259078.4068321||150
2012469.1772008|5259158.4068321||150
2012469.1772008|5259238.4068321||150
2012469.1772008|5259318.4068321||150
2012469.1772008|5259398.4068321||150
2012469.1772008|5259478.4068321||150
2012469.1772008|5259558.4068321||150
2012469.1772008|5259638.4068321||150
2012469.1772008|5259718.4068321||150
2012469.1772008|5259798.4068321||150
2012469.1772008|5259878.4068321||150
2012469.1772008|5259958.4068321||150
2012469.1772008|5260038.4068321||150
2012469.1772008|5260118.4068321||150
2012469.1772008|5260198.4068321||150
2012469.1772008|5260278.4068321||150
2012469.1772008|5260358.4068321||150
2012549.1772008|5258438.4068321||150
2012549.1772008|5258518.4068321||150
2012549.1772008|5258598.4068321||150
2012549.1772008|5258678.4068321||150
2012549.1772008|5258758.4068321||150
2012549.1772008|5258838.4068321||150
2012549.1772008|5258918.4068321||150
2012549.1772008|5258998.4068321||150
2012549.1772008|5259078.4068321||150
2012549.1772008|5259158.4068321||150
2012549.1772008|5259238.4068321||150
2012549.1772008|5259318.4068321||150
2012549.1772008|5259398.4068321||150
2012549.1772008|5259478.4068321||150
2012549.1772008|5259558.4068321||150
2012549.1772008|5259638.4068321||150
2012549.1772008|5259718.4068321||150
2012549.1772008|5259798.4068321||150
2012549.1772008|5259878.4068321||150
2012549.1772008|5259958.4068321||150
2012549.1772008|5260038.4068321||150
2012549.1772008|5260118.4068321||150
2012549.1772008|5260198.4068321||150
2012549.1772008|5260278.4068321||150
2012549.1772008|5260358.4068321||150
2012629.1772008|5258438.4068321||150
2012629.1772008|5258518.4068321||150
2012629.1772008|5258598.4068321||150
2012629.1772008|5258678.4068321||150
2012629.1772008|5258758.4068321||150
2012629.1772008|5258838.4068321||150
2012629.1772008|5258918.4068321||150
2012629.1772008|5258998.4068321||150
2012629.1772008|5259078.4068321||150
2012629.1772008|5259158.4068321||150
2012629.1772008|5259238.4068321||150
2012629.1772008|5259318.4068321||150
2012629.1772008|5259398.4068321||150
2012629.1772008|5259478.4068321||150
2012629.1772008|5259558.4068321||150
2012629.1772008|5259638.4068321||150
2012629.1772008|5259718.4068321||150
2012629.1772008|5259798.4068321||150
2012629.1772008|5259878.4068321||150
2012629.1772008|5259958.4068321||150
2012629.1772008|5260038.4068321||150
2012629.1772008|5260118.4068321||150
2012629.1772008|5260198.4068321||150
2012629.1772008|5260278.4068321||150
2012629.1772008|5260358.4068321||150
2012709.1772008|5258438.4068321||150
2012709.1772008|5258518.4068321||150
2012709.1772008|5258598.4068321||150
2012709.1772008|5258678.4068321||150
2012709.1772008|5258758.4068321||150
2012709.1772008|5258838.4068321||150
2012709.1772008|5258918.4068321||150
2012709.1772008|5258998.4068321||150
2012709.1772008|5259078.4068321||150
2012709.1772008|5259158.4068321||150
2012709.1772008|5259238.4068321||150
2012709.1772008|5259318.4068321||150
2012709.1772008|5259398.4068321||150
2012709.1772008|5259478.4068321||150
2012709.1772008|5259558.4068321||150
2012709.1772008|5259638.4068321||150
2012709.1772008|5259718.4068321||150
2012709.1772008|5259798.4068321||150
2012709.1772008|5259878.4068321||150
2012709.1772008|5259958.4068321||150
2012709.1772008|5260038.4068321||150
2012709.1772008|5260118.4068321||150
2012709.1772008|5260198.4068321||150
2012709.1772008|5260278.4068321||150
2012709.1772008|5260358.4068321||150
2012789.1772008|5258438.4068321||150
2012789.1772008|5258518.4068321||150
2012789.1772008|5258598.4068321||150
2012789.1772008|5258678.4068321||150
2012789.1772008|5258758.4068321||150
2012789.1772008|5258838.4068321||150
2012789.1772008|5258918.4068321||150
2012789.1772008|5258998.4068321||150
2012789.1772008|5259078.4068321||150
2012789.1772008|5259158.4068321||150
2012789.1772008|5259238.4068321||150
2012789.1772008|5259318.4068321||150
2012789.1772008|5259398.4068321||150
2012789.1772008|5259478.4068321||150
2012789.1772008|5259558.4068321||150
2012789.1772008|5259638.4068321||150
2012789.1772008|5259718.4068321||150
2012789.1772008|5259798.4068321||150
2012789.1772008|5259878.4068321||150
2012789.1772008|5259958.4068321||150
2012789.1772008|5260038.4068321||150
2012789.1772008|5260118.4068321||150
2012789.1772008|5260198.4068321||150
2012789.1772008|5260278.4068321||150
2012789.1772008|5260358.4068321||150
2012869.1772008|5258438.4068321||150
2012869.1772008|5258518.4068321||150
2012869.1772008|5258598.4068321||150
2012869.1772008|5258678.4068321||150
2012869.1772008|5258758.4068321||150
2012869.1772008|5258838.4068321||150
2012869.1772008|5258918.4068321||150
2012869.1772008|5258998.4068321||150
2012869.1772008|5259078.4068321||150
2012869.1772008|5259158.4068321||150
2012869.1772008|5259238.4068321||150
2012869.1772008|5259318.4068321||150
2012869.1772008|5259398.4068321||150
2012869.1772008|5259478.4068321||150
2012869.1772008|5259558.4068321||150
2012869.1772008|5259638.4068321||150
2012869.1772008|5259718.4068321||150
2012869.1772008|5259798.4068321||150
2012869.1772008|5259878.4068321||150
2012869.1772008|5259958.4068321||150
2012869.1772008|5260038.4068321||150
2012869.1772008|5260118.4068321||150
2012869.1772008|5260198.4068321||150
2012869.1772008|5260278.4068321||150
2012869.1772008|5260358.4068321||150
2012949.1772008|5258438.4068321||150
2012949.1772008|5258518.4068321||150
2012949.1772008|5258598.4068321||150
2012949.1772008|5258678.4068321||150
2012949.1772008|5258758.4068321||150
2012949.1772008|5258838.4068321||150
2012949.1772008|5258918.4068321||150
2012949.1772008|5258998.4068321||150
2012949.1772008|5259078.4068321||150
2012949.1772008|5259158.4068321||150
2012949.1772008|5259238.4068321||150
2012949.1772008|5259318.4068321||150
2012949.1772008|5259398.4068321||150
2012949.1772008|5259478.4068321||150
2012949.1772008|5259558.4068321||150
2012949.1772008|5259638.4068321||150
2012949.1772008|5259718.4068321||150
2012949.1772008|5259798.4068321||150
2012949.1772008|5259878.4068321||150
2012949.1772008|5259958.4068321||150
2012949.1772008|5260038.4068321||150
2012949.1772008|5260118.4068321||150
2012949.1772008|5260198.4068321||150
2012949.1772008|5260278.4068321||150
2012949.1772008|5260358.4068321||150
2013029.1772008|5258438.4068321||150
2013029.1772008|5258518.4068321||150
2013029.1772008|5258598.4068321||150
2013029.1772008|5258678.4068321||150
2013029.1772008|5258758.4068321||150
2013029.1772008|5258838.4068321||150
2013029.1772008|5258918.4068321||150
2013029.1772008|5258998.4068321||150
2013029.1772008|5259078.4068321||150
2013029.1772008|5259158.4068321||150
2013029.1772008|5259238.4068321||150
2013029.1772008|5259318.4068321||150
2013029.1772008|5259398.4068321||150
2013029.1772008|5259478.4068321||150
2013029.1772008|5259558.4068321||150
2013029.1772008|5259638.4068321||150
2013029.1772008|5259718.4068321||150
2013029.1772008|5259798.4068321||150
2013029.1772008|5259878.4068321||150
2013029.1772008|5259958.4068321||150
2013029.1772008|5260038.4068321||150
2013029.1772008|5260118.4068321||150
2013029.1772008|5260198.4068321||150
2013029.1772008|5260278.4068321||150
2013029.1772008|5260358.4068321||150
2013109.1772008|5258438.4068321||150
2013109.1772008|5258518.4068321||150
2013109.1772008|5258598.4068321||150
2013109.1772008|5258678.4068321||150
2013109.1772008|5258758.4068321||150
2013109.1772008|5258838.4068321||150
2013109.1772008|5258918.4068321||150
2013109.1772008|5258998.4068321||150
2013109.1772008|5259078.4068321||150
2013109.1772008|5259158.4068321||150
2013109.1772008|5259238.4068321||150
2013109.1772008|5259318.4068321||150
2013109.1772008|5259398.4068321||150
2013109.1772008|5259478.4068321||150
2013109.1772008|5259558.4068321||150
2013109.1772008|5259638.4068321||150
2013109.1772008|5259718.4068321||150
2013109.1772008|5259798.4068321||150
2013109.1772008|5259878.4068321||150
2013109.1772008|5259958.4068321||150
2013109.1772008|5260038.4068321||150
2013109.1772008|5260118.4068321||150
2013109.1772008|5260198.4068321||150
2013109.1772008|5260278.4068321||150
2013109.1772008|5260358.4068321||150
2013189.1772008|5258438.4068321||150
2013189.1772008|5258518.4068321||150
2013189.1772008|5258598.4068321||150
2013189.1772008|5258678.4068321||150
2013189.1772008|5258758.4068321||150
2013189.1772008|5258838.4068321||150
2013189.1772008|5258918.4068321||150
2013189.1772008|5258998.4068321||150
2013189.1772008|5259078.4068321||150
2013189.1772008|5259158.4068321||150
2013189.1772008|5259238.4068321||150
2013189.1772008|5259318.4068321||150
2013189.1772008|5259398.4068321||150
2013189.1772008|5259478.4068321||150
2013189.1772008|5259558.4068321||150
2013189.1772008|5259638.4068321||150
2013189.1772008|5259718.4068321||150
2013189.1772008|5259798.4068321||150
2013189.1772008|5259878.4068321||150
2013189.1772008|5259958.4068321||150
2013189.1772008|5260038.4068321||150
2013189.1772008|5260118.4068321||150
2013189.1772008|5260198.4068321||150
2013189.1772008|5260278.4068321||150
2013189.1772008|5260358.4068321||150
