1828091.4607944|5390474.6348122||150
1827591.4607944|5389974.6348122||150
1827591.4607944|5390054.6348122||150
1827591.4607944|5390134.6348122||150
1827591.4607944|5390214.6348122||150
1827591.4607944|5390294.6348122||150
1827591.4607944|5390374.6348122||150
1827591.4607944|5390454.6348122||150
1827591.4607944|5390534.6348122||150
1827591.4607944|5390614.6348122||150
1827591.4607944|5390694.6348122||150
1827591.4607944|5390774.6348122||150
1827591.4607944|5390854.6348122||150
1827591.4607944|5390934.6348122||150
1827591.4607944|5391014.6348122||150
1827591.4607944|5391094.6348122||150
1827591.4607944|5391174.6348122||150
1827591.4607944|5391254.6348122||150
1827591.4607944|5391334.6348122||150
1827591.4607944|5391414.6348122||150
1827591.4607944|5391494.6348122||150
1827591.4607944|5391574.6348122||150
1827591.4607944|5391654.6348122||150
1827591.4607944|5391734.6348122||150
1827591.4607944|5391814.6348122||150
1827591.4607944|5391894.6348122||150
1827671.4607944|5389974.6348122||150
1827671.4607944|5390054.6348122||150
1827671.4607944|5390134.6348122||150
1827671.4607944|5390214.6348122||150
1827671.4607944|5390294.6348122||150
1827671.4607944|5390374.6348122||150
1827671.4607944|5390454.6348122||150
1827671.4607944|5390534.6348122||150
1827671.4607944|5390614.6348122||150
1827671.4607944|5390694.6348122||150
1827671.4607944|5390774.6348122||150
1827671.4607944|5390854.6348122||150
1827671.4607944|5390934.6348122||150
1827671.4607944|5391014.6348122||150
1827671.4607944|5391094.6348122||150
1827671.4607944|5391174.6348122||150
1827671.4607944|5391254.6348122||150
1827671.4607944|5391334.6348122||150
1827671.4607944|5391414.6348122||150
1827671.4607944|5391494.6348122||150
1827671.4607944|5391574.6348122||150
1827671.4607944|5391654.6348122||150
1827671.4607944|5391734.6348122||150
1827671.4607944|5391814.6348122||150
1827671.4607944|5391894.6348122||150
1827751.4607944|5389974.6348122||150
1827751.4607944|5390054.6348122||150
1827751.4607944|5390134.6348122||150
1827751.4607944|5390214.6348122||150
1827751.4607944|5390294.6348122||150
1827751.4607944|5390374.6348122||150
1827751.4607944|5390454.6348122||150
1827751.4607944|5390534.6348122||150
1827751.4607944|5390614.6348122||150
1827751.4607944|5390694.6348122||150
1827751.4607944|5390774.6348122||150
1827751.4607944|5390854.6348122||150
1827751.4607944|5390934.6348122||150
1827751.4607944|5391014.6348122||150
1827751.4607944|5391094.6348122||150
1827751.4607944|5391174.6348122||150
1827751.4607944|5391254.6348122||150
1827751.4607944|5391334.6348122||150
1827751.4607944|5391414.6348122||150
1827751.4607944|5391494.6348122||150
1827751.4607944|5391574.6348122||150
1827751.4607944|5391654.6348122||150
1827751.4607944|5391734.6348122||150
1827751.4607944|5391814.6348122||150
1827751.4607944|5391894.6348122||150
1827831.4607944|5389974.6348122||150
1827831.4607944|5390054.6348122||150
1827831.4607944|5390134.6348122||150
1827831.4607944|5390214.6348122||150
1827831.4607944|5390294.6348122||150
1827831.4607944|5390374.6348122||150
1827831.4607944|5390454.6348122||150
1827831.4607944|5390534.6348122||150
1827831.4607944|5390614.6348122||150
1827831.4607944|5390694.6348122||150
1827831.4607944|5390774.6348122||150
1827831.4607944|5390854.6348122||150
1827831.4607944|5390934.6348122||150
1827831.4607944|5391014.6348122||150
1827831.4607944|5391094.6348122||150
1827831.4607944|5391174.6348122||150
1827831.4607944|5391254.6348122||150
1827831.4607944|5391334.6348122||150
1827831.4607944|5391414.6348122||150
1827831.4607944|5391494.6348122||150
1827831.4607944|5391574.6348122||150
1827831.4607944|5391654.6348122||150
1827831.4607944|5391734.6348122||150
1827831.4607944|5391814.6348122||150
1827831.4607944|5391894.6348122||150
1827911.4607944|5389974.6348122||150
1827911.4607944|5390054.6348122||150
1827911.4607944|5390134.6348122||150
1827911.4607944|5390214.6348122||150
1827911.4607944|5390294.6348122||150
1827911.4607944|5390374.6348122||150
1827911.4607944|5390454.6348122||150
1827911.4607944|5390534.6348122||150
1827911.4607944|5390614.6348122||150
1827911.4607944|5390694.6348122||150
1827911.4607944|5390774.6348122||150
1827911.4607944|5390854.6348122||150
1827911.4607944|5390934.6348122||150
1827911.4607944|5391014.6348122||150
1827911.4607944|5391094.6348122||150
1827911.4607944|5391174.6348122||150
1827911.4607944|5391254.6348122||150
1827911.4607944|5391334.6348122||150
1827911.4607944|5391414.6348122||150
1827911.4607944|5391494.6348122||150
1827911.4607944|5391574.6348122||150
1827911.4607944|5391654.6348122||150
1827911.4607944|5391734.6348122||150
1827911.4607944|5391814.6348122||150
1827911.4607944|5391894.6348122||150
1827991.4607944|5389974.6348122||150
1827991.4607944|5390054.6348122||150
1827991.4607944|5390134.6348122||150
1827991.4607944|5390214.6348122||150
1827991.4607944|5390294.6348122||150
1827991.4607944|5390374.6348122||150
1827991.4607944|5390454.6348122||150
1827991.4607944|5390534.6348122||150
1827991.4607944|5390614.6348122||150
1827991.4607944|5390694.6348122||150
1827991.4607944|5390774.6348122||150
1827991.4607944|5390854.6348122||150
1827991.4607944|5390934.6348122||150
1827991.4607944|5391014.6348122||150
1827991.4607944|5391094.6348122||150
1827991.4607944|5391174.6348122||150
1827991.4607944|5391254.6348122||150
1827991.4607944|5391334.6348122||150
1827991.4607944|5391414.6348122||150
1827991.4607944|5391494.6348122||150
1827991.4607944|5391574.6348122||150
1827991.4607944|5391654.6348122||150
1827991.4607944|5391734.6348122||150
1827991.4607944|5391814.6348122||150
1827991.4607944|5391894.6348122||150
1828071.4607944|5389974.6348122||150
1828071.4607944|5390054.6348122||150
1828071.4607944|5390134.6348122||150
1828071.4607944|5390214.6348122||150
1828071.4607944|5390294.6348122||150
1828071.4607944|5390374.6348122||150
1828071.4607944|5390454.6348122||150
1828071.4607944|5390534.6348122||150
1828071.4607944|5390614.6348122||150
1828071.4607944|5390694.6348122||150
1828071.4607944|5390774.6348122||150
1828071.4607944|5390854.6348122||150
1828071.4607944|5390934.6348122||150
1828071.4607944|5391014.6348122||150
1828071.4607944|5391094.6348122||150
1828071.4607944|5391174.6348122||150
1828071.4607944|5391254.6348122||150
1828071.4607944|5391334.6348122||150
1828071.4607944|5391414.6348122||150
1828071.4607944|5391494.6348122||150
1828071.4607944|5391574.6348122||150
1828071.4607944|5391654.6348122||150
1828071.4607944|5391734.6348122||150
1828071.4607944|5391814.6348122||150
1828071.4607944|5391894.6348122||150
1828151.4607944|5389974.6348122||150
1828151.4607944|5390054.6348122||150
1828151.4607944|5390134.6348122||150
1828151.4607944|5390214.6348122||150
1828151.4607944|5390294.6348122||150
1828151.4607944|5390374.6348122||150
1828151.4607944|5390454.6348122||150
1828151.4607944|5390534.6348122||150
1828151.4607944|5390614.6348122||150
1828151.4607944|5390694.6348122||150
1828151.4607944|5390774.6348122||150
1828151.4607944|5390854.6348122||150
1828151.4607944|5390934.6348122||150
1828151.4607944|5391014.6348122||150
1828151.4607944|5391094.6348122||150
1828151.4607944|5391174.6348122||150
1828151.4607944|5391254.6348122||150
1828151.4607944|5391334.6348122||150
1828151.4607944|5391414.6348122||150
1828151.4607944|5391494.6348122||150
1828151.4607944|5391574.6348122||150
1828151.4607944|5391654.6348122||150
1828151.4607944|5391734.6348122||150
1828151.4607944|5391814.6348122||150
1828151.4607944|5391894.6348122||150
1828231.4607944|5389974.6348122||150
1828231.4607944|5390054.6348122||150
1828231.4607944|5390134.6348122||150
1828231.4607944|5390214.6348122||150
1828231.4607944|5390294.6348122||150
1828231.4607944|5390374.6348122||150
1828231.4607944|5390454.6348122||150
1828231.4607944|5390534.6348122||150
1828231.4607944|5390614.6348122||150
1828231.4607944|5390694.6348122||150
1828231.4607944|5390774.6348122||150
1828231.4607944|5390854.6348122||150
1828231.4607944|5390934.6348122||150
1828231.4607944|5391014.6348122||150
1828231.4607944|5391094.6348122||150
1828231.4607944|5391174.6348122||150
1828231.4607944|5391254.6348122||150
1828231.4607944|5391334.6348122||150
1828231.4607944|5391414.6348122||150
1828231.4607944|5391494.6348122||150
1828231.4607944|5391574.6348122||150
1828231.4607944|5391654.6348122||150
1828231.4607944|5391734.6348122||150
1828231.4607944|5391814.6348122||150
1828231.4607944|5391894.6348122||150
1828311.4607944|5389974.6348122||150
1828311.4607944|5390054.6348122||150
1828311.4607944|5390134.6348122||150
1828311.4607944|5390214.6348122||150
1828311.4607944|5390294.6348122||150
1828311.4607944|5390374.6348122||150
1828311.4607944|5390454.6348122||150
1828311.4607944|5390534.6348122||150
1828311.4607944|5390614.6348122||150
1828311.4607944|5390694.6348122||150
1828311.4607944|5390774.6348122||150
1828311.4607944|5390854.6348122||150
1828311.4607944|5390934.6348122||150
1828311.4607944|5391014.6348122||150
1828311.4607944|5391094.6348122||150
1828311.4607944|5391174.6348122||150
1828311.4607944|5391254.6348122||150
1828311.4607944|5391334.6348122||150
1828311.4607944|5391414.6348122||150
1828311.4607944|5391494.6348122||150
1828311.4607944|5391574.6348122||150
1828311.4607944|5391654.6348122||150
1828311.4607944|5391734.6348122||150
1828311.4607944|5391814.6348122||150
1828311.4607944|5391894.6348122||150
1828391.4607944|5389974.6348122||150
1828391.4607944|5390054.6348122||150
1828391.4607944|5390134.6348122||150
1828391.4607944|5390214.6348122||150
1828391.4607944|5390294.6348122||150
1828391.4607944|5390374.6348122||150
1828391.4607944|5390454.6348122||150
1828391.4607944|5390534.6348122||150
1828391.4607944|5390614.6348122||150
1828391.4607944|5390694.6348122||150
1828391.4607944|5390774.6348122||150
1828391.4607944|5390854.6348122||150
1828391.4607944|5390934.6348122||150
1828391.4607944|5391014.6348122||150
1828391.4607944|5391094.6348122||150
1828391.4607944|5391174.6348122||150
1828391.4607944|5391254.6348122||150
1828391.4607944|5391334.6348122||150
1828391.4607944|5391414.6348122||150
1828391.4607944|5391494.6348122||150
1828391.4607944|5391574.6348122||150
1828391.4607944|5391654.6348122||150
1828391.4607944|5391734.6348122||150
1828391.4607944|5391814.6348122||150
1828391.4607944|5391894.6348122||150
1828471.4607944|5389974.6348122||150
1828471.4607944|5390054.6348122||150
1828471.4607944|5390134.6348122||150
1828471.4607944|5390214.6348122||150
1828471.4607944|5390294.6348122||150
1828471.4607944|5390374.6348122||150
1828471.4607944|5390454.6348122||150
1828471.4607944|5390534.6348122||150
1828471.4607944|5390614.6348122||150
1828471.4607944|5390694.6348122||150
1828471.4607944|5390774.6348122||150
1828471.4607944|5390854.6348122||150
1828471.4607944|5390934.6348122||150
1828471.4607944|5391014.6348122||150
1828471.4607944|5391094.6348122||150
1828471.4607944|5391174.6348122||150
1828471.4607944|5391254.6348122||150
1828471.4607944|5391334.6348122||150
1828471.4607944|5391414.6348122||150
1828471.4607944|5391494.6348122||150
1828471.4607944|5391574.6348122||150
1828471.4607944|5391654.6348122||150
1828471.4607944|5391734.6348122||150
1828471.4607944|5391814.6348122||150
1828471.4607944|5391894.6348122||150
1828551.4607944|5389974.6348122||150
1828551.4607944|5390054.6348122||150
1828551.4607944|5390134.6348122||150
1828551.4607944|5390214.6348122||150
1828551.4607944|5390294.6348122||150
1828551.4607944|5390374.6348122||150
1828551.4607944|5390454.6348122||150
1828551.4607944|5390534.6348122||150
1828551.4607944|5390614.6348122||150
1828551.4607944|5390694.6348122||150
1828551.4607944|5390774.6348122||150
1828551.4607944|5390854.6348122||150
1828551.4607944|5390934.6348122||150
1828551.4607944|5391014.6348122||150
1828551.4607944|5391094.6348122||150
1828551.4607944|5391174.6348122||150
1828551.4607944|5391254.6348122||150
1828551.4607944|5391334.6348122||150
1828551.4607944|5391414.6348122||150
1828551.4607944|5391494.6348122||150
1828551.4607944|5391574.6348122||150
1828551.4607944|5391654.6348122||150
1828551.4607944|5391734.6348122||150
1828551.4607944|5391814.6348122||150
1828551.4607944|5391894.6348122||150
1828631.4607944|5389974.6348122||150
1828631.4607944|5390054.6348122||150
1828631.4607944|5390134.6348122||150
1828631.4607944|5390214.6348122||150
1828631.4607944|5390294.6348122||150
1828631.4607944|5390374.6348122||150
1828631.4607944|5390454.6348122||150
1828631.4607944|5390534.6348122||150
1828631.4607944|5390614.6348122||150
1828631.4607944|5390694.6348122||150
1828631.4607944|5390774.6348122||150
1828631.4607944|5390854.6348122||150
1828631.4607944|5390934.6348122||150
1828631.4607944|5391014.6348122||150
1828631.4607944|5391094.6348122||150
1828631.4607944|5391174.6348122||150
1828631.4607944|5391254.6348122||150
1828631.4607944|5391334.6348122||150
1828631.4607944|5391414.6348122||150
1828631.4607944|5391494.6348122||150
1828631.4607944|5391574.6348122||150
1828631.4607944|5391654.6348122||150
1828631.4607944|5391734.6348122||150
1828631.4607944|5391814.6348122||150
1828631.4607944|5391894.6348122||150
1828711.4607944|5389974.6348122||150
1828711.4607944|5390054.6348122||150
1828711.4607944|5390134.6348122||150
1828711.4607944|5390214.6348122||150
1828711.4607944|5390294.6348122||150
1828711.4607944|5390374.6348122||150
1828711.4607944|5390454.6348122||150
1828711.4607944|5390534.6348122||150
1828711.4607944|5390614.6348122||150
1828711.4607944|5390694.6348122||150
1828711.4607944|5390774.6348122||150
1828711.4607944|5390854.6348122||150
1828711.4607944|5390934.6348122||150
1828711.4607944|5391014.6348122||150
1828711.4607944|5391094.6348122||150
1828711.4607944|5391174.6348122||150
1828711.4607944|5391254.6348122||150
1828711.4607944|5391334.6348122||150
1828711.4607944|5391414.6348122||150
1828711.4607944|5391494.6348122||150
1828711.4607944|5391574.6348122||150
1828711.4607944|5391654.6348122||150
1828711.4607944|5391734.6348122||150
1828711.4607944|5391814.6348122||150
1828711.4607944|5391894.6348122||150
1828791.4607944|5389974.6348122||150
1828791.4607944|5390054.6348122||150
1828791.4607944|5390134.6348122||150
1828791.4607944|5390214.6348122||150
1828791.4607944|5390294.6348122||150
1828791.4607944|5390374.6348122||150
1828791.4607944|5390454.6348122||150
1828791.4607944|5390534.6348122||150
1828791.4607944|5390614.6348122||150
1828791.4607944|5390694.6348122||150
1828791.4607944|5390774.6348122||150
1828791.4607944|5390854.6348122||150
1828791.4607944|5390934.6348122||150
1828791.4607944|5391014.6348122||150
1828791.4607944|5391094.6348122||150
1828791.4607944|5391174.6348122||150
1828791.4607944|5391254.6348122||150
1828791.4607944|5391334.6348122||150
1828791.4607944|5391414.6348122||150
1828791.4607944|5391494.6348122||150
1828791.4607944|5391574.6348122||150
1828791.4607944|5391654.6348122||150
1828791.4607944|5391734.6348122||150
1828791.4607944|5391814.6348122||150
1828791.4607944|5391894.6348122||150
1828871.4607944|5389974.6348122||150
1828871.4607944|5390054.6348122||150
1828871.4607944|5390134.6348122||150
1828871.4607944|5390214.6348122||150
1828871.4607944|5390294.6348122||150
1828871.4607944|5390374.6348122||150
1828871.4607944|5390454.6348122||150
1828871.4607944|5390534.6348122||150
1828871.4607944|5390614.6348122||150
1828871.4607944|5390694.6348122||150
1828871.4607944|5390774.6348122||150
1828871.4607944|5390854.6348122||150
1828871.4607944|5390934.6348122||150
1828871.4607944|5391014.6348122||150
1828871.4607944|5391094.6348122||150
1828871.4607944|5391174.6348122||150
1828871.4607944|5391254.6348122||150
1828871.4607944|5391334.6348122||150
1828871.4607944|5391414.6348122||150
1828871.4607944|5391494.6348122||150
1828871.4607944|5391574.6348122||150
1828871.4607944|5391654.6348122||150
1828871.4607944|5391734.6348122||150
1828871.4607944|5391814.6348122||150
1828871.4607944|5391894.6348122||150
1828951.4607944|5389974.6348122||150
1828951.4607944|5390054.6348122||150
1828951.4607944|5390134.6348122||150
1828951.4607944|5390214.6348122||150
1828951.4607944|5390294.6348122||150
1828951.4607944|5390374.6348122||150
1828951.4607944|5390454.6348122||150
1828951.4607944|5390534.6348122||150
1828951.4607944|5390614.6348122||150
1828951.4607944|5390694.6348122||150
1828951.4607944|5390774.6348122||150
1828951.4607944|5390854.6348122||150
1828951.4607944|5390934.6348122||150
1828951.4607944|5391014.6348122||150
1828951.4607944|5391094.6348122||150
1828951.4607944|5391174.6348122||150
1828951.4607944|5391254.6348122||150
1828951.4607944|5391334.6348122||150
1828951.4607944|5391414.6348122||150
1828951.4607944|5391494.6348122||150
1828951.4607944|5391574.6348122||150
1828951.4607944|5391654.6348122||150
1828951.4607944|5391734.6348122||150
1828951.4607944|5391814.6348122||150
1828951.4607944|5391894.6348122||150
1829031.4607944|5389974.6348122||150
1829031.4607944|5390054.6348122||150
1829031.4607944|5390134.6348122||150
1829031.4607944|5390214.6348122||150
1829031.4607944|5390294.6348122||150
1829031.4607944|5390374.6348122||150
1829031.4607944|5390454.6348122||150
1829031.4607944|5390534.6348122||150
1829031.4607944|5390614.6348122||150
1829031.4607944|5390694.6348122||150
1829031.4607944|5390774.6348122||150
1829031.4607944|5390854.6348122||150
1829031.4607944|5390934.6348122||150
1829031.4607944|5391014.6348122||150
1829031.4607944|5391094.6348122||150
1829031.4607944|5391174.6348122||150
1829031.4607944|5391254.6348122||150
1829031.4607944|5391334.6348122||150
1829031.4607944|5391414.6348122||150
1829031.4607944|5391494.6348122||150
1829031.4607944|5391574.6348122||150
1829031.4607944|5391654.6348122||150
1829031.4607944|5391734.6348122||150
1829031.4607944|5391814.6348122||150
1829031.4607944|5391894.6348122||150
1829111.4607944|5389974.6348122||150
1829111.4607944|5390054.6348122||150
1829111.4607944|5390134.6348122||150
1829111.4607944|5390214.6348122||150
1829111.4607944|5390294.6348122||150
1829111.4607944|5390374.6348122||150
1829111.4607944|5390454.6348122||150
1829111.4607944|5390534.6348122||150
1829111.4607944|5390614.6348122||150
1829111.4607944|5390694.6348122||150
1829111.4607944|5390774.6348122||150
1829111.4607944|5390854.6348122||150
1829111.4607944|5390934.6348122||150
1829111.4607944|5391014.6348122||150
1829111.4607944|5391094.6348122||150
1829111.4607944|5391174.6348122||150
1829111.4607944|5391254.6348122||150
1829111.4607944|5391334.6348122||150
1829111.4607944|5391414.6348122||150
1829111.4607944|5391494.6348122||150
1829111.4607944|5391574.6348122||150
1829111.4607944|5391654.6348122||150
1829111.4607944|5391734.6348122||150
1829111.4607944|5391814.6348122||150
1829111.4607944|5391894.6348122||150
1829191.4607944|5389974.6348122||150
1829191.4607944|5390054.6348122||150
1829191.4607944|5390134.6348122||150
1829191.4607944|5390214.6348122||150
1829191.4607944|5390294.6348122||150
1829191.4607944|5390374.6348122||150
1829191.4607944|5390454.6348122||150
1829191.4607944|5390534.6348122||150
1829191.4607944|5390614.6348122||150
1829191.4607944|5390694.6348122||150
1829191.4607944|5390774.6348122||150
1829191.4607944|5390854.6348122||150
1829191.4607944|5390934.6348122||150
1829191.4607944|5391014.6348122||150
1829191.4607944|5391094.6348122||150
1829191.4607944|5391174.6348122||150
1829191.4607944|5391254.6348122||150
1829191.4607944|5391334.6348122||150
1829191.4607944|5391414.6348122||150
1829191.4607944|5391494.6348122||150
1829191.4607944|5391574.6348122||150
1829191.4607944|5391654.6348122||150
1829191.4607944|5391734.6348122||150
1829191.4607944|5391814.6348122||150
1829191.4607944|5391894.6348122||150
1829271.4607944|5389974.6348122||150
1829271.4607944|5390054.6348122||150
1829271.4607944|5390134.6348122||150
1829271.4607944|5390214.6348122||150
1829271.4607944|5390294.6348122||150
1829271.4607944|5390374.6348122||150
1829271.4607944|5390454.6348122||150
1829271.4607944|5390534.6348122||150
1829271.4607944|5390614.6348122||150
1829271.4607944|5390694.6348122||150
1829271.4607944|5390774.6348122||150
1829271.4607944|5390854.6348122||150
1829271.4607944|5390934.6348122||150
1829271.4607944|5391014.6348122||150
1829271.4607944|5391094.6348122||150
1829271.4607944|5391174.6348122||150
1829271.4607944|5391254.6348122||150
1829271.4607944|5391334.6348122||150
1829271.4607944|5391414.6348122||150
1829271.4607944|5391494.6348122||150
1829271.4607944|5391574.6348122||150
1829271.4607944|5391654.6348122||150
1829271.4607944|5391734.6348122||150
1829271.4607944|5391814.6348122||150
1829271.4607944|5391894.6348122||150
1829351.4607944|5389974.6348122||150
1829351.4607944|5390054.6348122||150
1829351.4607944|5390134.6348122||150
1829351.4607944|5390214.6348122||150
1829351.4607944|5390294.6348122||150
1829351.4607944|5390374.6348122||150
1829351.4607944|5390454.6348122||150
1829351.4607944|5390534.6348122||150
1829351.4607944|5390614.6348122||150
1829351.4607944|5390694.6348122||150
1829351.4607944|5390774.6348122||150
1829351.4607944|5390854.6348122||150
1829351.4607944|5390934.6348122||150
1829351.4607944|5391014.6348122||150
1829351.4607944|5391094.6348122||150
1829351.4607944|5391174.6348122||150
1829351.4607944|5391254.6348122||150
1829351.4607944|5391334.6348122||150
1829351.4607944|5391414.6348122||150
1829351.4607944|5391494.6348122||150
1829351.4607944|5391574.6348122||150
1829351.4607944|5391654.6348122||150
1829351.4607944|5391734.6348122||150
1829351.4607944|5391814.6348122||150
1829351.4607944|5391894.6348122||150
1829431.4607944|5389974.6348122||150
1829431.4607944|5390054.6348122||150
1829431.4607944|5390134.6348122||150
1829431.4607944|5390214.6348122||150
1829431.4607944|5390294.6348122||150
1829431.4607944|5390374.6348122||150
1829431.4607944|5390454.6348122||150
1829431.4607944|5390534.6348122||150
1829431.4607944|5390614.6348122||150
1829431.4607944|5390694.6348122||150
1829431.4607944|5390774.6348122||150
1829431.4607944|5390854.6348122||150
1829431.4607944|5390934.6348122||150
1829431.4607944|5391014.6348122||150
1829431.4607944|5391094.6348122||150
1829431.4607944|5391174.6348122||150
1829431.4607944|5391254.6348122||150
1829431.4607944|5391334.6348122||150
1829431.4607944|5391414.6348122||150
1829431.4607944|5391494.6348122||150
1829431.4607944|5391574.6348122||150
1829431.4607944|5391654.6348122||150
1829431.4607944|5391734.6348122||150
1829431.4607944|5391814.6348122||150
1829431.4607944|5391894.6348122||150
1829511.4607944|5389974.6348122||150
1829511.4607944|5390054.6348122||150
1829511.4607944|5390134.6348122||150
1829511.4607944|5390214.6348122||150
1829511.4607944|5390294.6348122||150
1829511.4607944|5390374.6348122||150
1829511.4607944|5390454.6348122||150
1829511.4607944|5390534.6348122||150
1829511.4607944|5390614.6348122||150
1829511.4607944|5390694.6348122||150
1829511.4607944|5390774.6348122||150
1829511.4607944|5390854.6348122||150
1829511.4607944|5390934.6348122||150
1829511.4607944|5391014.6348122||150
1829511.4607944|5391094.6348122||150
1829511.4607944|5391174.6348122||150
1829511.4607944|5391254.6348122||150
1829511.4607944|5391334.6348122||150
1829511.4607944|5391414.6348122||150
1829511.4607944|5391494.6348122||150
1829511.4607944|5391574.6348122||150
1829511.4607944|5391654.6348122||150
1829511.4607944|5391734.6348122||150
1829511.4607944|5391814.6348122||150
1829511.4607944|5391894.6348122||150
