1907609.7560553|5304813.0969792||150
1907109.7560553|5304313.0969792||150
1907109.7560553|5304393.0969792||150
1907109.7560553|5304473.0969792||150
1907109.7560553|5304553.0969792||150
1907109.7560553|5304633.0969792||150
1907109.7560553|5304713.0969792||150
1907109.7560553|5304793.0969792||150
1907109.7560553|5304873.0969792||150
1907109.7560553|5304953.0969792||150
1907109.7560553|5305033.0969792||150
1907109.7560553|5305113.0969792||150
1907109.7560553|5305193.0969792||150
1907109.7560553|5305273.0969792||150
1907109.7560553|5305353.0969792||150
1907109.7560553|5305433.0969792||150
1907109.7560553|5305513.0969792||150
1907109.7560553|5305593.0969792||150
1907109.7560553|5305673.0969792||150
1907109.7560553|5305753.0969792||150
1907109.7560553|5305833.0969792||150
1907109.7560553|5305913.0969792||150
1907109.7560553|5305993.0969792||150
1907109.7560553|5306073.0969792||150
1907109.7560553|5306153.0969792||150
1907109.7560553|5306233.0969792||150
1907189.7560553|5304313.0969792||150
1907189.7560553|5304393.0969792||150
1907189.7560553|5304473.0969792||150
1907189.7560553|5304553.0969792||150
1907189.7560553|5304633.0969792||150
1907189.7560553|5304713.0969792||150
1907189.7560553|5304793.0969792||150
1907189.7560553|5304873.0969792||150
1907189.7560553|5304953.0969792||150
1907189.7560553|5305033.0969792||150
1907189.7560553|5305113.0969792||150
1907189.7560553|5305193.0969792||150
1907189.7560553|5305273.0969792||150
1907189.7560553|5305353.0969792||150
1907189.7560553|5305433.0969792||150
1907189.7560553|5305513.0969792||150
1907189.7560553|5305593.0969792||150
1907189.7560553|5305673.0969792||150
1907189.7560553|5305753.0969792||150
1907189.7560553|5305833.0969792||150
1907189.7560553|5305913.0969792||150
1907189.7560553|5305993.0969792||150
1907189.7560553|5306073.0969792||150
1907189.7560553|5306153.0969792||150
1907189.7560553|5306233.0969792||150
1907269.7560553|5304313.0969792||150
1907269.7560553|5304393.0969792||150
1907269.7560553|5304473.0969792||150
1907269.7560553|5304553.0969792||150
1907269.7560553|5304633.0969792||150
1907269.7560553|5304713.0969792||150
1907269.7560553|5304793.0969792||150
1907269.7560553|5304873.0969792||150
1907269.7560553|5304953.0969792||150
1907269.7560553|5305033.0969792||150
1907269.7560553|5305113.0969792||150
1907269.7560553|5305193.0969792||150
1907269.7560553|5305273.0969792||150
1907269.7560553|5305353.0969792||150
1907269.7560553|5305433.0969792||150
1907269.7560553|5305513.0969792||150
1907269.7560553|5305593.0969792||150
1907269.7560553|5305673.0969792||150
1907269.7560553|5305753.0969792||150
1907269.7560553|5305833.0969792||150
1907269.7560553|5305913.0969792||150
1907269.7560553|5305993.0969792||150
1907269.7560553|5306073.0969792||150
1907269.7560553|5306153.0969792||150
1907269.7560553|5306233.0969792||150
1907349.7560553|5304313.0969792||150
1907349.7560553|5304393.0969792||150
1907349.7560553|5304473.0969792||150
1907349.7560553|5304553.0969792||150
1907349.7560553|5304633.0969792||150
1907349.7560553|5304713.0969792||150
1907349.7560553|5304793.0969792||150
1907349.7560553|5304873.0969792||150
1907349.7560553|5304953.0969792||150
1907349.7560553|5305033.0969792||150
1907349.7560553|5305113.0969792||150
1907349.7560553|5305193.0969792||150
1907349.7560553|5305273.0969792||150
1907349.7560553|5305353.0969792||150
1907349.7560553|5305433.0969792||150
1907349.7560553|5305513.0969792||150
1907349.7560553|5305593.0969792||150
1907349.7560553|5305673.0969792||150
1907349.7560553|5305753.0969792||150
1907349.7560553|5305833.0969792||150
1907349.7560553|5305913.0969792||150
1907349.7560553|5305993.0969792||150
1907349.7560553|5306073.0969792||150
1907349.7560553|5306153.0969792||150
1907349.7560553|5306233.0969792||150
1907429.7560553|5304313.0969792||150
1907429.7560553|5304393.0969792||150
1907429.7560553|5304473.0969792||150
1907429.7560553|5304553.0969792||150
1907429.7560553|5304633.0969792||150
1907429.7560553|5304713.0969792||150
1907429.7560553|5304793.0969792||150
1907429.7560553|5304873.0969792||150
1907429.7560553|5304953.0969792||150
1907429.7560553|5305033.0969792||150
1907429.7560553|5305113.0969792||150
1907429.7560553|5305193.0969792||150
1907429.7560553|5305273.0969792||150
1907429.7560553|5305353.0969792||150
1907429.7560553|5305433.0969792||150
1907429.7560553|5305513.0969792||150
1907429.7560553|5305593.0969792||150
1907429.7560553|5305673.0969792||150
1907429.7560553|5305753.0969792||150
1907429.7560553|5305833.0969792||150
1907429.7560553|5305913.0969792||150
1907429.7560553|5305993.0969792||150
1907429.7560553|5306073.0969792||150
1907429.7560553|5306153.0969792||150
1907429.7560553|5306233.0969792||150
1907509.7560553|5304313.0969792||150
1907509.7560553|5304393.0969792||150
1907509.7560553|5304473.0969792||150
1907509.7560553|5304553.0969792||150
1907509.7560553|5304633.0969792||150
1907509.7560553|5304713.0969792||150
1907509.7560553|5304793.0969792||150
1907509.7560553|5304873.0969792||150
1907509.7560553|5304953.0969792||150
1907509.7560553|5305033.0969792||150
1907509.7560553|5305113.0969792||150
1907509.7560553|5305193.0969792||150
1907509.7560553|5305273.0969792||150
1907509.7560553|5305353.0969792||150
1907509.7560553|5305433.0969792||150
1907509.7560553|5305513.0969792||150
1907509.7560553|5305593.0969792||150
1907509.7560553|5305673.0969792||150
1907509.7560553|5305753.0969792||150
1907509.7560553|5305833.0969792||150
1907509.7560553|5305913.0969792||150
1907509.7560553|5305993.0969792||150
1907509.7560553|5306073.0969792||150
1907509.7560553|5306153.0969792||150
1907509.7560553|5306233.0969792||150
1907589.7560553|5304313.0969792||150
1907589.7560553|5304393.0969792||150
1907589.7560553|5304473.0969792||150
1907589.7560553|5304553.0969792||150
1907589.7560553|5304633.0969792||150
1907589.7560553|5304713.0969792||150
1907589.7560553|5304793.0969792||150
1907589.7560553|5304873.0969792||150
1907589.7560553|5304953.0969792||150
1907589.7560553|5305033.0969792||150
1907589.7560553|5305113.0969792||150
1907589.7560553|5305193.0969792||150
1907589.7560553|5305273.0969792||150
1907589.7560553|5305353.0969792||150
1907589.7560553|5305433.0969792||150
1907589.7560553|5305513.0969792||150
1907589.7560553|5305593.0969792||150
1907589.7560553|5305673.0969792||150
1907589.7560553|5305753.0969792||150
1907589.7560553|5305833.0969792||150
1907589.7560553|5305913.0969792||150
1907589.7560553|5305993.0969792||150
1907589.7560553|5306073.0969792||150
1907589.7560553|5306153.0969792||150
1907589.7560553|5306233.0969792||150
1907669.7560553|5304313.0969792||150
1907669.7560553|5304393.0969792||150
1907669.7560553|5304473.0969792||150
1907669.7560553|5304553.0969792||150
1907669.7560553|5304633.0969792||150
1907669.7560553|5304713.0969792||150
1907669.7560553|5304793.0969792||150
1907669.7560553|5304873.0969792||150
1907669.7560553|5304953.0969792||150
1907669.7560553|5305033.0969792||150
1907669.7560553|5305113.0969792||150
1907669.7560553|5305193.0969792||150
1907669.7560553|5305273.0969792||150
1907669.7560553|5305353.0969792||150
1907669.7560553|5305433.0969792||150
1907669.7560553|5305513.0969792||150
1907669.7560553|5305593.0969792||150
1907669.7560553|5305673.0969792||150
1907669.7560553|5305753.0969792||150
1907669.7560553|5305833.0969792||150
1907669.7560553|5305913.0969792||150
1907669.7560553|5305993.0969792||150
1907669.7560553|5306073.0969792||150
1907669.7560553|5306153.0969792||150
1907669.7560553|5306233.0969792||150
1907749.7560553|5304313.0969792||150
1907749.7560553|5304393.0969792||150
1907749.7560553|5304473.0969792||150
1907749.7560553|5304553.0969792||150
1907749.7560553|5304633.0969792||150
1907749.7560553|5304713.0969792||150
1907749.7560553|5304793.0969792||150
1907749.7560553|5304873.0969792||150
1907749.7560553|5304953.0969792||150
1907749.7560553|5305033.0969792||150
1907749.7560553|5305113.0969792||150
1907749.7560553|5305193.0969792||150
1907749.7560553|5305273.0969792||150
1907749.7560553|5305353.0969792||150
1907749.7560553|5305433.0969792||150
1907749.7560553|5305513.0969792||150
1907749.7560553|5305593.0969792||150
1907749.7560553|5305673.0969792||150
1907749.7560553|5305753.0969792||150
1907749.7560553|5305833.0969792||150
1907749.7560553|5305913.0969792||150
1907749.7560553|5305993.0969792||150
1907749.7560553|5306073.0969792||150
1907749.7560553|5306153.0969792||150
1907749.7560553|5306233.0969792||150
1907829.7560553|5304313.0969792||150
1907829.7560553|5304393.0969792||150
1907829.7560553|5304473.0969792||150
1907829.7560553|5304553.0969792||150
1907829.7560553|5304633.0969792||150
1907829.7560553|5304713.0969792||150
1907829.7560553|5304793.0969792||150
1907829.7560553|5304873.0969792||150
1907829.7560553|5304953.0969792||150
1907829.7560553|5305033.0969792||150
1907829.7560553|5305113.0969792||150
1907829.7560553|5305193.0969792||150
1907829.7560553|5305273.0969792||150
1907829.7560553|5305353.0969792||150
1907829.7560553|5305433.0969792||150
1907829.7560553|5305513.0969792||150
1907829.7560553|5305593.0969792||150
1907829.7560553|5305673.0969792||150
1907829.7560553|5305753.0969792||150
1907829.7560553|5305833.0969792||150
1907829.7560553|5305913.0969792||150
1907829.7560553|5305993.0969792||150
1907829.7560553|5306073.0969792||150
1907829.7560553|5306153.0969792||150
1907829.7560553|5306233.0969792||150
1907909.7560553|5304313.0969792||150
1907909.7560553|5304393.0969792||150
1907909.7560553|5304473.0969792||150
1907909.7560553|5304553.0969792||150
1907909.7560553|5304633.0969792||150
1907909.7560553|5304713.0969792||150
1907909.7560553|5304793.0969792||150
1907909.7560553|5304873.0969792||150
1907909.7560553|5304953.0969792||150
1907909.7560553|5305033.0969792||150
1907909.7560553|5305113.0969792||150
1907909.7560553|5305193.0969792||150
1907909.7560553|5305273.0969792||150
1907909.7560553|5305353.0969792||150
1907909.7560553|5305433.0969792||150
1907909.7560553|5305513.0969792||150
1907909.7560553|5305593.0969792||150
1907909.7560553|5305673.0969792||150
1907909.7560553|5305753.0969792||150
1907909.7560553|5305833.0969792||150
1907909.7560553|5305913.0969792||150
1907909.7560553|5305993.0969792||150
1907909.7560553|5306073.0969792||150
1907909.7560553|5306153.0969792||150
1907909.7560553|5306233.0969792||150
1907989.7560553|5304313.0969792||150
1907989.7560553|5304393.0969792||150
1907989.7560553|5304473.0969792||150
1907989.7560553|5304553.0969792||150
1907989.7560553|5304633.0969792||150
1907989.7560553|5304713.0969792||150
1907989.7560553|5304793.0969792||150
1907989.7560553|5304873.0969792||150
1907989.7560553|5304953.0969792||150
1907989.7560553|5305033.0969792||150
1907989.7560553|5305113.0969792||150
1907989.7560553|5305193.0969792||150
1907989.7560553|5305273.0969792||150
1907989.7560553|5305353.0969792||150
1907989.7560553|5305433.0969792||150
1907989.7560553|5305513.0969792||150
1907989.7560553|5305593.0969792||150
1907989.7560553|5305673.0969792||150
1907989.7560553|5305753.0969792||150
1907989.7560553|5305833.0969792||150
1907989.7560553|5305913.0969792||150
1907989.7560553|5305993.0969792||150
1907989.7560553|5306073.0969792||150
1907989.7560553|5306153.0969792||150
1907989.7560553|5306233.0969792||150
1908069.7560553|5304313.0969792||150
1908069.7560553|5304393.0969792||150
1908069.7560553|5304473.0969792||150
1908069.7560553|5304553.0969792||150
1908069.7560553|5304633.0969792||150
1908069.7560553|5304713.0969792||150
1908069.7560553|5304793.0969792||150
1908069.7560553|5304873.0969792||150
1908069.7560553|5304953.0969792||150
1908069.7560553|5305033.0969792||150
1908069.7560553|5305113.0969792||150
1908069.7560553|5305193.0969792||150
1908069.7560553|5305273.0969792||150
1908069.7560553|5305353.0969792||150
1908069.7560553|5305433.0969792||150
1908069.7560553|5305513.0969792||150
1908069.7560553|5305593.0969792||150
1908069.7560553|5305673.0969792||150
1908069.7560553|5305753.0969792||150
1908069.7560553|5305833.0969792||150
1908069.7560553|5305913.0969792||150
1908069.7560553|5305993.0969792||150
1908069.7560553|5306073.0969792||150
1908069.7560553|5306153.0969792||150
1908069.7560553|5306233.0969792||150
1908149.7560553|5304313.0969792||150
1908149.7560553|5304393.0969792||150
1908149.7560553|5304473.0969792||150
1908149.7560553|5304553.0969792||150
1908149.7560553|5304633.0969792||150
1908149.7560553|5304713.0969792||150
1908149.7560553|5304793.0969792||150
1908149.7560553|5304873.0969792||150
1908149.7560553|5304953.0969792||150
1908149.7560553|5305033.0969792||150
1908149.7560553|5305113.0969792||150
1908149.7560553|5305193.0969792||150
1908149.7560553|5305273.0969792||150
1908149.7560553|5305353.0969792||150
1908149.7560553|5305433.0969792||150
1908149.7560553|5305513.0969792||150
1908149.7560553|5305593.0969792||150
1908149.7560553|5305673.0969792||150
1908149.7560553|5305753.0969792||150
1908149.7560553|5305833.0969792||150
1908149.7560553|5305913.0969792||150
1908149.7560553|5305993.0969792||150
1908149.7560553|5306073.0969792||150
1908149.7560553|5306153.0969792||150
1908149.7560553|5306233.0969792||150
1908229.7560553|5304313.0969792||150
1908229.7560553|5304393.0969792||150
1908229.7560553|5304473.0969792||150
1908229.7560553|5304553.0969792||150
1908229.7560553|5304633.0969792||150
1908229.7560553|5304713.0969792||150
1908229.7560553|5304793.0969792||150
1908229.7560553|5304873.0969792||150
1908229.7560553|5304953.0969792||150
1908229.7560553|5305033.0969792||150
1908229.7560553|5305113.0969792||150
1908229.7560553|5305193.0969792||150
1908229.7560553|5305273.0969792||150
1908229.7560553|5305353.0969792||150
1908229.7560553|5305433.0969792||150
1908229.7560553|5305513.0969792||150
1908229.7560553|5305593.0969792||150
1908229.7560553|5305673.0969792||150
1908229.7560553|5305753.0969792||150
1908229.7560553|5305833.0969792||150
1908229.7560553|5305913.0969792||150
1908229.7560553|5305993.0969792||150
1908229.7560553|5306073.0969792||150
1908229.7560553|5306153.0969792||150
1908229.7560553|5306233.0969792||150
1908309.7560553|5304313.0969792||150
1908309.7560553|5304393.0969792||150
1908309.7560553|5304473.0969792||150
1908309.7560553|5304553.0969792||150
1908309.7560553|5304633.0969792||150
1908309.7560553|5304713.0969792||150
1908309.7560553|5304793.0969792||150
1908309.7560553|5304873.0969792||150
1908309.7560553|5304953.0969792||150
1908309.7560553|5305033.0969792||150
1908309.7560553|5305113.0969792||150
1908309.7560553|5305193.0969792||150
1908309.7560553|5305273.0969792||150
1908309.7560553|5305353.0969792||150
1908309.7560553|5305433.0969792||150
1908309.7560553|5305513.0969792||150
1908309.7560553|5305593.0969792||150
1908309.7560553|5305673.0969792||150
1908309.7560553|5305753.0969792||150
1908309.7560553|5305833.0969792||150
1908309.7560553|5305913.0969792||150
1908309.7560553|5305993.0969792||150
1908309.7560553|5306073.0969792||150
1908309.7560553|5306153.0969792||150
1908309.7560553|5306233.0969792||150
1908389.7560553|5304313.0969792||150
1908389.7560553|5304393.0969792||150
1908389.7560553|5304473.0969792||150
1908389.7560553|5304553.0969792||150
1908389.7560553|5304633.0969792||150
1908389.7560553|5304713.0969792||150
1908389.7560553|5304793.0969792||150
1908389.7560553|5304873.0969792||150
1908389.7560553|5304953.0969792||150
1908389.7560553|5305033.0969792||150
1908389.7560553|5305113.0969792||150
1908389.7560553|5305193.0969792||150
1908389.7560553|5305273.0969792||150
1908389.7560553|5305353.0969792||150
1908389.7560553|5305433.0969792||150
1908389.7560553|5305513.0969792||150
1908389.7560553|5305593.0969792||150
1908389.7560553|5305673.0969792||150
1908389.7560553|5305753.0969792||150
1908389.7560553|5305833.0969792||150
1908389.7560553|5305913.0969792||150
1908389.7560553|5305993.0969792||150
1908389.7560553|5306073.0969792||150
1908389.7560553|5306153.0969792||150
1908389.7560553|5306233.0969792||150
1908469.7560553|5304313.0969792||150
1908469.7560553|5304393.0969792||150
1908469.7560553|5304473.0969792||150
1908469.7560553|5304553.0969792||150
1908469.7560553|5304633.0969792||150
1908469.7560553|5304713.0969792||150
1908469.7560553|5304793.0969792||150
1908469.7560553|5304873.0969792||150
1908469.7560553|5304953.0969792||150
1908469.7560553|5305033.0969792||150
1908469.7560553|5305113.0969792||150
1908469.7560553|5305193.0969792||150
1908469.7560553|5305273.0969792||150
1908469.7560553|5305353.0969792||150
1908469.7560553|5305433.0969792||150
1908469.7560553|5305513.0969792||150
1908469.7560553|5305593.0969792||150
1908469.7560553|5305673.0969792||150
1908469.7560553|5305753.0969792||150
1908469.7560553|5305833.0969792||150
1908469.7560553|5305913.0969792||150
1908469.7560553|5305993.0969792||150
1908469.7560553|5306073.0969792||150
1908469.7560553|5306153.0969792||150
1908469.7560553|5306233.0969792||150
1908549.7560553|5304313.0969792||150
1908549.7560553|5304393.0969792||150
1908549.7560553|5304473.0969792||150
1908549.7560553|5304553.0969792||150
1908549.7560553|5304633.0969792||150
1908549.7560553|5304713.0969792||150
1908549.7560553|5304793.0969792||150
1908549.7560553|5304873.0969792||150
1908549.7560553|5304953.0969792||150
1908549.7560553|5305033.0969792||150
1908549.7560553|5305113.0969792||150
1908549.7560553|5305193.0969792||150
1908549.7560553|5305273.0969792||150
1908549.7560553|5305353.0969792||150
1908549.7560553|5305433.0969792||150
1908549.7560553|5305513.0969792||150
1908549.7560553|5305593.0969792||150
1908549.7560553|5305673.0969792||150
1908549.7560553|5305753.0969792||150
1908549.7560553|5305833.0969792||150
1908549.7560553|5305913.0969792||150
1908549.7560553|5305993.0969792||150
1908549.7560553|5306073.0969792||150
1908549.7560553|5306153.0969792||150
1908549.7560553|5306233.0969792||150
1908629.7560553|5304313.0969792||150
1908629.7560553|5304393.0969792||150
1908629.7560553|5304473.0969792||150
1908629.7560553|5304553.0969792||150
1908629.7560553|5304633.0969792||150
1908629.7560553|5304713.0969792||150
1908629.7560553|5304793.0969792||150
1908629.7560553|5304873.0969792||150
1908629.7560553|5304953.0969792||150
1908629.7560553|5305033.0969792||150
1908629.7560553|5305113.0969792||150
1908629.7560553|5305193.0969792||150
1908629.7560553|5305273.0969792||150
1908629.7560553|5305353.0969792||150
1908629.7560553|5305433.0969792||150
1908629.7560553|5305513.0969792||150
1908629.7560553|5305593.0969792||150
1908629.7560553|5305673.0969792||150
1908629.7560553|5305753.0969792||150
1908629.7560553|5305833.0969792||150
1908629.7560553|5305913.0969792||150
1908629.7560553|5305993.0969792||150
1908629.7560553|5306073.0969792||150
1908629.7560553|5306153.0969792||150
1908629.7560553|5306233.0969792||150
1908709.7560553|5304313.0969792||150
1908709.7560553|5304393.0969792||150
1908709.7560553|5304473.0969792||150
1908709.7560553|5304553.0969792||150
1908709.7560553|5304633.0969792||150
1908709.7560553|5304713.0969792||150
1908709.7560553|5304793.0969792||150
1908709.7560553|5304873.0969792||150
1908709.7560553|5304953.0969792||150
1908709.7560553|5305033.0969792||150
1908709.7560553|5305113.0969792||150
1908709.7560553|5305193.0969792||150
1908709.7560553|5305273.0969792||150
1908709.7560553|5305353.0969792||150
1908709.7560553|5305433.0969792||150
1908709.7560553|5305513.0969792||150
1908709.7560553|5305593.0969792||150
1908709.7560553|5305673.0969792||150
1908709.7560553|5305753.0969792||150
1908709.7560553|5305833.0969792||150
1908709.7560553|5305913.0969792||150
1908709.7560553|5305993.0969792||150
1908709.7560553|5306073.0969792||150
1908709.7560553|5306153.0969792||150
1908709.7560553|5306233.0969792||150
1908789.7560553|5304313.0969792||150
1908789.7560553|5304393.0969792||150
1908789.7560553|5304473.0969792||150
1908789.7560553|5304553.0969792||150
1908789.7560553|5304633.0969792||150
1908789.7560553|5304713.0969792||150
1908789.7560553|5304793.0969792||150
1908789.7560553|5304873.0969792||150
1908789.7560553|5304953.0969792||150
1908789.7560553|5305033.0969792||150
1908789.7560553|5305113.0969792||150
1908789.7560553|5305193.0969792||150
1908789.7560553|5305273.0969792||150
1908789.7560553|5305353.0969792||150
1908789.7560553|5305433.0969792||150
1908789.7560553|5305513.0969792||150
1908789.7560553|5305593.0969792||150
1908789.7560553|5305673.0969792||150
1908789.7560553|5305753.0969792||150
1908789.7560553|5305833.0969792||150
1908789.7560553|5305913.0969792||150
1908789.7560553|5305993.0969792||150
1908789.7560553|5306073.0969792||150
1908789.7560553|5306153.0969792||150
1908789.7560553|5306233.0969792||150
1908869.7560553|5304313.0969792||150
1908869.7560553|5304393.0969792||150
1908869.7560553|5304473.0969792||150
1908869.7560553|5304553.0969792||150
1908869.7560553|5304633.0969792||150
1908869.7560553|5304713.0969792||150
1908869.7560553|5304793.0969792||150
1908869.7560553|5304873.0969792||150
1908869.7560553|5304953.0969792||150
1908869.7560553|5305033.0969792||150
1908869.7560553|5305113.0969792||150
1908869.7560553|5305193.0969792||150
1908869.7560553|5305273.0969792||150
1908869.7560553|5305353.0969792||150
1908869.7560553|5305433.0969792||150
1908869.7560553|5305513.0969792||150
1908869.7560553|5305593.0969792||150
1908869.7560553|5305673.0969792||150
1908869.7560553|5305753.0969792||150
1908869.7560553|5305833.0969792||150
1908869.7560553|5305913.0969792||150
1908869.7560553|5305993.0969792||150
1908869.7560553|5306073.0969792||150
1908869.7560553|5306153.0969792||150
1908869.7560553|5306233.0969792||150
1908949.7560553|5304313.0969792||150
1908949.7560553|5304393.0969792||150
1908949.7560553|5304473.0969792||150
1908949.7560553|5304553.0969792||150
1908949.7560553|5304633.0969792||150
1908949.7560553|5304713.0969792||150
1908949.7560553|5304793.0969792||150
1908949.7560553|5304873.0969792||150
1908949.7560553|5304953.0969792||150
1908949.7560553|5305033.0969792||150
1908949.7560553|5305113.0969792||150
1908949.7560553|5305193.0969792||150
1908949.7560553|5305273.0969792||150
1908949.7560553|5305353.0969792||150
1908949.7560553|5305433.0969792||150
1908949.7560553|5305513.0969792||150
1908949.7560553|5305593.0969792||150
1908949.7560553|5305673.0969792||150
1908949.7560553|5305753.0969792||150
1908949.7560553|5305833.0969792||150
1908949.7560553|5305913.0969792||150
1908949.7560553|5305993.0969792||150
1908949.7560553|5306073.0969792||150
1908949.7560553|5306153.0969792||150
1908949.7560553|5306233.0969792||150
1909029.7560553|5304313.0969792||150
1909029.7560553|5304393.0969792||150
1909029.7560553|5304473.0969792||150
1909029.7560553|5304553.0969792||150
1909029.7560553|5304633.0969792||150
1909029.7560553|5304713.0969792||150
1909029.7560553|5304793.0969792||150
1909029.7560553|5304873.0969792||150
1909029.7560553|5304953.0969792||150
1909029.7560553|5305033.0969792||150
1909029.7560553|5305113.0969792||150
1909029.7560553|5305193.0969792||150
1909029.7560553|5305273.0969792||150
1909029.7560553|5305353.0969792||150
1909029.7560553|5305433.0969792||150
1909029.7560553|5305513.0969792||150
1909029.7560553|5305593.0969792||150
1909029.7560553|5305673.0969792||150
1909029.7560553|5305753.0969792||150
1909029.7560553|5305833.0969792||150
1909029.7560553|5305913.0969792||150
1909029.7560553|5305993.0969792||150
1909029.7560553|5306073.0969792||150
1909029.7560553|5306153.0969792||150
1909029.7560553|5306233.0969792||150
