1942493.9448852|5293817.091219||150
1941993.9448852|5293317.091219||150
1941993.9448852|5293397.091219||150
1941993.9448852|5293477.091219||150
1941993.9448852|5293557.091219||150
1941993.9448852|5293637.091219||150
1941993.9448852|5293717.091219||150
1941993.9448852|5293797.091219||150
1941993.9448852|5293877.091219||150
1941993.9448852|5293957.091219||150
1941993.9448852|5294037.091219||150
1941993.9448852|5294117.091219||150
1941993.9448852|5294197.091219||150
1941993.9448852|5294277.091219||150
1941993.9448852|5294357.091219||150
1941993.9448852|5294437.091219||150
1941993.9448852|5294517.091219||150
1941993.9448852|5294597.091219||150
1941993.9448852|5294677.091219||150
1941993.9448852|5294757.091219||150
1941993.9448852|5294837.091219||150
1941993.9448852|5294917.091219||150
1941993.9448852|5294997.091219||150
1941993.9448852|5295077.091219||150
1941993.9448852|5295157.091219||150
1941993.9448852|5295237.091219||150
1942073.9448852|5293317.091219||150
1942073.9448852|5293397.091219||150
1942073.9448852|5293477.091219||150
1942073.9448852|5293557.091219||150
1942073.9448852|5293637.091219||150
1942073.9448852|5293717.091219||150
1942073.9448852|5293797.091219||150
1942073.9448852|5293877.091219||150
1942073.9448852|5293957.091219||150
1942073.9448852|5294037.091219||150
1942073.9448852|5294117.091219||150
1942073.9448852|5294197.091219||150
1942073.9448852|5294277.091219||150
1942073.9448852|5294357.091219||150
1942073.9448852|5294437.091219||150
1942073.9448852|5294517.091219||150
1942073.9448852|5294597.091219||150
1942073.9448852|5294677.091219||150
1942073.9448852|5294757.091219||150
1942073.9448852|5294837.091219||150
1942073.9448852|5294917.091219||150
1942073.9448852|5294997.091219||150
1942073.9448852|5295077.091219||150
1942073.9448852|5295157.091219||150
1942073.9448852|5295237.091219||150
1942153.9448852|5293317.091219||150
1942153.9448852|5293397.091219||150
1942153.9448852|5293477.091219||150
1942153.9448852|5293557.091219||150
1942153.9448852|5293637.091219||150
1942153.9448852|5293717.091219||150
1942153.9448852|5293797.091219||150
1942153.9448852|5293877.091219||150
1942153.9448852|5293957.091219||150
1942153.9448852|5294037.091219||150
1942153.9448852|5294117.091219||150
1942153.9448852|5294197.091219||150
1942153.9448852|5294277.091219||150
1942153.9448852|5294357.091219||150
1942153.9448852|5294437.091219||150
1942153.9448852|5294517.091219||150
1942153.9448852|5294597.091219||150
1942153.9448852|5294677.091219||150
1942153.9448852|5294757.091219||150
1942153.9448852|5294837.091219||150
1942153.9448852|5294917.091219||150
1942153.9448852|5294997.091219||150
1942153.9448852|5295077.091219||150
1942153.9448852|5295157.091219||150
1942153.9448852|5295237.091219||150
1942233.9448852|5293317.091219||150
1942233.9448852|5293397.091219||150
1942233.9448852|5293477.091219||150
1942233.9448852|5293557.091219||150
1942233.9448852|5293637.091219||150
1942233.9448852|5293717.091219||150
1942233.9448852|5293797.091219||150
1942233.9448852|5293877.091219||150
1942233.9448852|5293957.091219||150
1942233.9448852|5294037.091219||150
1942233.9448852|5294117.091219||150
1942233.9448852|5294197.091219||150
1942233.9448852|5294277.091219||150
1942233.9448852|5294357.091219||150
1942233.9448852|5294437.091219||150
1942233.9448852|5294517.091219||150
1942233.9448852|5294597.091219||150
1942233.9448852|5294677.091219||150
1942233.9448852|5294757.091219||150
1942233.9448852|5294837.091219||150
1942233.9448852|5294917.091219||150
1942233.9448852|5294997.091219||150
1942233.9448852|5295077.091219||150
1942233.9448852|5295157.091219||150
1942233.9448852|5295237.091219||150
1942313.9448852|5293317.091219||150
1942313.9448852|5293397.091219||150
1942313.9448852|5293477.091219||150
1942313.9448852|5293557.091219||150
1942313.9448852|5293637.091219||150
1942313.9448852|5293717.091219||150
1942313.9448852|5293797.091219||150
1942313.9448852|5293877.091219||150
1942313.9448852|5293957.091219||150
1942313.9448852|5294037.091219||150
1942313.9448852|5294117.091219||150
1942313.9448852|5294197.091219||150
1942313.9448852|5294277.091219||150
1942313.9448852|5294357.091219||150
1942313.9448852|5294437.091219||150
1942313.9448852|5294517.091219||150
1942313.9448852|5294597.091219||150
1942313.9448852|5294677.091219||150
1942313.9448852|5294757.091219||150
1942313.9448852|5294837.091219||150
1942313.9448852|5294917.091219||150
1942313.9448852|5294997.091219||150
1942313.9448852|5295077.091219||150
1942313.9448852|5295157.091219||150
1942313.9448852|5295237.091219||150
1942393.9448852|5293317.091219||150
1942393.9448852|5293397.091219||150
1942393.9448852|5293477.091219||150
1942393.9448852|5293557.091219||150
1942393.9448852|5293637.091219||150
1942393.9448852|5293717.091219||150
1942393.9448852|5293797.091219||150
1942393.9448852|5293877.091219||150
1942393.9448852|5293957.091219||150
1942393.9448852|5294037.091219||150
1942393.9448852|5294117.091219||150
1942393.9448852|5294197.091219||150
1942393.9448852|5294277.091219||150
1942393.9448852|5294357.091219||150
1942393.9448852|5294437.091219||150
1942393.9448852|5294517.091219||150
1942393.9448852|5294597.091219||150
1942393.9448852|5294677.091219||150
1942393.9448852|5294757.091219||150
1942393.9448852|5294837.091219||150
1942393.9448852|5294917.091219||150
1942393.9448852|5294997.091219||150
1942393.9448852|5295077.091219||150
1942393.9448852|5295157.091219||150
1942393.9448852|5295237.091219||150
1942473.9448852|5293317.091219||150
1942473.9448852|5293397.091219||150
1942473.9448852|5293477.091219||150
1942473.9448852|5293557.091219||150
1942473.9448852|5293637.091219||150
1942473.9448852|5293717.091219||150
1942473.9448852|5293797.091219||150
1942473.9448852|5293877.091219||150
1942473.9448852|5293957.091219||150
1942473.9448852|5294037.091219||150
1942473.9448852|5294117.091219||150
1942473.9448852|5294197.091219||150
1942473.9448852|5294277.091219||150
1942473.9448852|5294357.091219||150
1942473.9448852|5294437.091219||150
1942473.9448852|5294517.091219||150
1942473.9448852|5294597.091219||150
1942473.9448852|5294677.091219||150
1942473.9448852|5294757.091219||150
1942473.9448852|5294837.091219||150
1942473.9448852|5294917.091219||150
1942473.9448852|5294997.091219||150
1942473.9448852|5295077.091219||150
1942473.9448852|5295157.091219||150
1942473.9448852|5295237.091219||150
1942553.9448852|5293317.091219||150
1942553.9448852|5293397.091219||150
1942553.9448852|5293477.091219||150
1942553.9448852|5293557.091219||150
1942553.9448852|5293637.091219||150
1942553.9448852|5293717.091219||150
1942553.9448852|5293797.091219||150
1942553.9448852|5293877.091219||150
1942553.9448852|5293957.091219||150
1942553.9448852|5294037.091219||150
1942553.9448852|5294117.091219||150
1942553.9448852|5294197.091219||150
1942553.9448852|5294277.091219||150
1942553.9448852|5294357.091219||150
1942553.9448852|5294437.091219||150
1942553.9448852|5294517.091219||150
1942553.9448852|5294597.091219||150
1942553.9448852|5294677.091219||150
1942553.9448852|5294757.091219||150
1942553.9448852|5294837.091219||150
1942553.9448852|5294917.091219||150
1942553.9448852|5294997.091219||150
1942553.9448852|5295077.091219||150
1942553.9448852|5295157.091219||150
1942553.9448852|5295237.091219||150
1942633.9448852|5293317.091219||150
1942633.9448852|5293397.091219||150
1942633.9448852|5293477.091219||150
1942633.9448852|5293557.091219||150
1942633.9448852|5293637.091219||150
1942633.9448852|5293717.091219||150
1942633.9448852|5293797.091219||150
1942633.9448852|5293877.091219||150
1942633.9448852|5293957.091219||150
1942633.9448852|5294037.091219||150
1942633.9448852|5294117.091219||150
1942633.9448852|5294197.091219||150
1942633.9448852|5294277.091219||150
1942633.9448852|5294357.091219||150
1942633.9448852|5294437.091219||150
1942633.9448852|5294517.091219||150
1942633.9448852|5294597.091219||150
1942633.9448852|5294677.091219||150
1942633.9448852|5294757.091219||150
1942633.9448852|5294837.091219||150
1942633.9448852|5294917.091219||150
1942633.9448852|5294997.091219||150
1942633.9448852|5295077.091219||150
1942633.9448852|5295157.091219||150
1942633.9448852|5295237.091219||150
1942713.9448852|5293317.091219||150
1942713.9448852|5293397.091219||150
1942713.9448852|5293477.091219||150
1942713.9448852|5293557.091219||150
1942713.9448852|5293637.091219||150
1942713.9448852|5293717.091219||150
1942713.9448852|5293797.091219||150
1942713.9448852|5293877.091219||150
1942713.9448852|5293957.091219||150
1942713.9448852|5294037.091219||150
1942713.9448852|5294117.091219||150
1942713.9448852|5294197.091219||150
1942713.9448852|5294277.091219||150
1942713.9448852|5294357.091219||150
1942713.9448852|5294437.091219||150
1942713.9448852|5294517.091219||150
1942713.9448852|5294597.091219||150
1942713.9448852|5294677.091219||150
1942713.9448852|5294757.091219||150
1942713.9448852|5294837.091219||150
1942713.9448852|5294917.091219||150
1942713.9448852|5294997.091219||150
1942713.9448852|5295077.091219||150
1942713.9448852|5295157.091219||150
1942713.9448852|5295237.091219||150
1942793.9448852|5293317.091219||150
1942793.9448852|5293397.091219||150
1942793.9448852|5293477.091219||150
1942793.9448852|5293557.091219||150
1942793.9448852|5293637.091219||150
1942793.9448852|5293717.091219||150
1942793.9448852|5293797.091219||150
1942793.9448852|5293877.091219||150
1942793.9448852|5293957.091219||150
1942793.9448852|5294037.091219||150
1942793.9448852|5294117.091219||150
1942793.9448852|5294197.091219||150
1942793.9448852|5294277.091219||150
1942793.9448852|5294357.091219||150
1942793.9448852|5294437.091219||150
1942793.9448852|5294517.091219||150
1942793.9448852|5294597.091219||150
1942793.9448852|5294677.091219||150
1942793.9448852|5294757.091219||150
1942793.9448852|5294837.091219||150
1942793.9448852|5294917.091219||150
1942793.9448852|5294997.091219||150
1942793.9448852|5295077.091219||150
1942793.9448852|5295157.091219||150
1942793.9448852|5295237.091219||150
1942873.9448852|5293317.091219||150
1942873.9448852|5293397.091219||150
1942873.9448852|5293477.091219||150
1942873.9448852|5293557.091219||150
1942873.9448852|5293637.091219||150
1942873.9448852|5293717.091219||150
1942873.9448852|5293797.091219||150
1942873.9448852|5293877.091219||150
1942873.9448852|5293957.091219||150
1942873.9448852|5294037.091219||150
1942873.9448852|5294117.091219||150
1942873.9448852|5294197.091219||150
1942873.9448852|5294277.091219||150
1942873.9448852|5294357.091219||150
1942873.9448852|5294437.091219||150
1942873.9448852|5294517.091219||150
1942873.9448852|5294597.091219||150
1942873.9448852|5294677.091219||150
1942873.9448852|5294757.091219||150
1942873.9448852|5294837.091219||150
1942873.9448852|5294917.091219||150
1942873.9448852|5294997.091219||150
1942873.9448852|5295077.091219||150
1942873.9448852|5295157.091219||150
1942873.9448852|5295237.091219||150
1942953.9448852|5293317.091219||150
1942953.9448852|5293397.091219||150
1942953.9448852|5293477.091219||150
1942953.9448852|5293557.091219||150
1942953.9448852|5293637.091219||150
1942953.9448852|5293717.091219||150
1942953.9448852|5293797.091219||150
1942953.9448852|5293877.091219||150
1942953.9448852|5293957.091219||150
1942953.9448852|5294037.091219||150
1942953.9448852|5294117.091219||150
1942953.9448852|5294197.091219||150
1942953.9448852|5294277.091219||150
1942953.9448852|5294357.091219||150
1942953.9448852|5294437.091219||150
1942953.9448852|5294517.091219||150
1942953.9448852|5294597.091219||150
1942953.9448852|5294677.091219||150
1942953.9448852|5294757.091219||150
1942953.9448852|5294837.091219||150
1942953.9448852|5294917.091219||150
1942953.9448852|5294997.091219||150
1942953.9448852|5295077.091219||150
1942953.9448852|5295157.091219||150
1942953.9448852|5295237.091219||150
1943033.9448852|5293317.091219||150
1943033.9448852|5293397.091219||150
1943033.9448852|5293477.091219||150
1943033.9448852|5293557.091219||150
1943033.9448852|5293637.091219||150
1943033.9448852|5293717.091219||150
1943033.9448852|5293797.091219||150
1943033.9448852|5293877.091219||150
1943033.9448852|5293957.091219||150
1943033.9448852|5294037.091219||150
1943033.9448852|5294117.091219||150
1943033.9448852|5294197.091219||150
1943033.9448852|5294277.091219||150
1943033.9448852|5294357.091219||150
1943033.9448852|5294437.091219||150
1943033.9448852|5294517.091219||150
1943033.9448852|5294597.091219||150
1943033.9448852|5294677.091219||150
1943033.9448852|5294757.091219||150
1943033.9448852|5294837.091219||150
1943033.9448852|5294917.091219||150
1943033.9448852|5294997.091219||150
1943033.9448852|5295077.091219||150
1943033.9448852|5295157.091219||150
1943033.9448852|5295237.091219||150
1943113.9448852|5293317.091219||150
1943113.9448852|5293397.091219||150
1943113.9448852|5293477.091219||150
1943113.9448852|5293557.091219||150
1943113.9448852|5293637.091219||150
1943113.9448852|5293717.091219||150
1943113.9448852|5293797.091219||150
1943113.9448852|5293877.091219||150
1943113.9448852|5293957.091219||150
1943113.9448852|5294037.091219||150
1943113.9448852|5294117.091219||150
1943113.9448852|5294197.091219||150
1943113.9448852|5294277.091219||150
1943113.9448852|5294357.091219||150
1943113.9448852|5294437.091219||150
1943113.9448852|5294517.091219||150
1943113.9448852|5294597.091219||150
1943113.9448852|5294677.091219||150
1943113.9448852|5294757.091219||150
1943113.9448852|5294837.091219||150
1943113.9448852|5294917.091219||150
1943113.9448852|5294997.091219||150
1943113.9448852|5295077.091219||150
1943113.9448852|5295157.091219||150
1943113.9448852|5295237.091219||150
1943193.9448852|5293317.091219||150
1943193.9448852|5293397.091219||150
1943193.9448852|5293477.091219||150
1943193.9448852|5293557.091219||150
1943193.9448852|5293637.091219||150
1943193.9448852|5293717.091219||150
1943193.9448852|5293797.091219||150
1943193.9448852|5293877.091219||150
1943193.9448852|5293957.091219||150
1943193.9448852|5294037.091219||150
1943193.9448852|5294117.091219||150
1943193.9448852|5294197.091219||150
1943193.9448852|5294277.091219||150
1943193.9448852|5294357.091219||150
1943193.9448852|5294437.091219||150
1943193.9448852|5294517.091219||150
1943193.9448852|5294597.091219||150
1943193.9448852|5294677.091219||150
1943193.9448852|5294757.091219||150
1943193.9448852|5294837.091219||150
1943193.9448852|5294917.091219||150
1943193.9448852|5294997.091219||150
1943193.9448852|5295077.091219||150
1943193.9448852|5295157.091219||150
1943193.9448852|5295237.091219||150
1943273.9448852|5293317.091219||150
1943273.9448852|5293397.091219||150
1943273.9448852|5293477.091219||150
1943273.9448852|5293557.091219||150
1943273.9448852|5293637.091219||150
1943273.9448852|5293717.091219||150
1943273.9448852|5293797.091219||150
1943273.9448852|5293877.091219||150
1943273.9448852|5293957.091219||150
1943273.9448852|5294037.091219||150
1943273.9448852|5294117.091219||150
1943273.9448852|5294197.091219||150
1943273.9448852|5294277.091219||150
1943273.9448852|5294357.091219||150
1943273.9448852|5294437.091219||150
1943273.9448852|5294517.091219||150
1943273.9448852|5294597.091219||150
1943273.9448852|5294677.091219||150
1943273.9448852|5294757.091219||150
1943273.9448852|5294837.091219||150
1943273.9448852|5294917.091219||150
1943273.9448852|5294997.091219||150
1943273.9448852|5295077.091219||150
1943273.9448852|5295157.091219||150
1943273.9448852|5295237.091219||150
1943353.9448852|5293317.091219||150
1943353.9448852|5293397.091219||150
1943353.9448852|5293477.091219||150
1943353.9448852|5293557.091219||150
1943353.9448852|5293637.091219||150
1943353.9448852|5293717.091219||150
1943353.9448852|5293797.091219||150
1943353.9448852|5293877.091219||150
1943353.9448852|5293957.091219||150
1943353.9448852|5294037.091219||150
1943353.9448852|5294117.091219||150
1943353.9448852|5294197.091219||150
1943353.9448852|5294277.091219||150
1943353.9448852|5294357.091219||150
1943353.9448852|5294437.091219||150
1943353.9448852|5294517.091219||150
1943353.9448852|5294597.091219||150
1943353.9448852|5294677.091219||150
1943353.9448852|5294757.091219||150
1943353.9448852|5294837.091219||150
1943353.9448852|5294917.091219||150
1943353.9448852|5294997.091219||150
1943353.9448852|5295077.091219||150
1943353.9448852|5295157.091219||150
1943353.9448852|5295237.091219||150
1943433.9448852|5293317.091219||150
1943433.9448852|5293397.091219||150
1943433.9448852|5293477.091219||150
1943433.9448852|5293557.091219||150
1943433.9448852|5293637.091219||150
1943433.9448852|5293717.091219||150
1943433.9448852|5293797.091219||150
1943433.9448852|5293877.091219||150
1943433.9448852|5293957.091219||150
1943433.9448852|5294037.091219||150
1943433.9448852|5294117.091219||150
1943433.9448852|5294197.091219||150
1943433.9448852|5294277.091219||150
1943433.9448852|5294357.091219||150
1943433.9448852|5294437.091219||150
1943433.9448852|5294517.091219||150
1943433.9448852|5294597.091219||150
1943433.9448852|5294677.091219||150
1943433.9448852|5294757.091219||150
1943433.9448852|5294837.091219||150
1943433.9448852|5294917.091219||150
1943433.9448852|5294997.091219||150
1943433.9448852|5295077.091219||150
1943433.9448852|5295157.091219||150
1943433.9448852|5295237.091219||150
1943513.9448852|5293317.091219||150
1943513.9448852|5293397.091219||150
1943513.9448852|5293477.091219||150
1943513.9448852|5293557.091219||150
1943513.9448852|5293637.091219||150
1943513.9448852|5293717.091219||150
1943513.9448852|5293797.091219||150
1943513.9448852|5293877.091219||150
1943513.9448852|5293957.091219||150
1943513.9448852|5294037.091219||150
1943513.9448852|5294117.091219||150
1943513.9448852|5294197.091219||150
1943513.9448852|5294277.091219||150
1943513.9448852|5294357.091219||150
1943513.9448852|5294437.091219||150
1943513.9448852|5294517.091219||150
1943513.9448852|5294597.091219||150
1943513.9448852|5294677.091219||150
1943513.9448852|5294757.091219||150
1943513.9448852|5294837.091219||150
1943513.9448852|5294917.091219||150
1943513.9448852|5294997.091219||150
1943513.9448852|5295077.091219||150
1943513.9448852|5295157.091219||150
1943513.9448852|5295237.091219||150
1943593.9448852|5293317.091219||150
1943593.9448852|5293397.091219||150
1943593.9448852|5293477.091219||150
1943593.9448852|5293557.091219||150
1943593.9448852|5293637.091219||150
1943593.9448852|5293717.091219||150
1943593.9448852|5293797.091219||150
1943593.9448852|5293877.091219||150
1943593.9448852|5293957.091219||150
1943593.9448852|5294037.091219||150
1943593.9448852|5294117.091219||150
1943593.9448852|5294197.091219||150
1943593.9448852|5294277.091219||150
1943593.9448852|5294357.091219||150
1943593.9448852|5294437.091219||150
1943593.9448852|5294517.091219||150
1943593.9448852|5294597.091219||150
1943593.9448852|5294677.091219||150
1943593.9448852|5294757.091219||150
1943593.9448852|5294837.091219||150
1943593.9448852|5294917.091219||150
1943593.9448852|5294997.091219||150
1943593.9448852|5295077.091219||150
1943593.9448852|5295157.091219||150
1943593.9448852|5295237.091219||150
1943673.9448852|5293317.091219||150
1943673.9448852|5293397.091219||150
1943673.9448852|5293477.091219||150
1943673.9448852|5293557.091219||150
1943673.9448852|5293637.091219||150
1943673.9448852|5293717.091219||150
1943673.9448852|5293797.091219||150
1943673.9448852|5293877.091219||150
1943673.9448852|5293957.091219||150
1943673.9448852|5294037.091219||150
1943673.9448852|5294117.091219||150
1943673.9448852|5294197.091219||150
1943673.9448852|5294277.091219||150
1943673.9448852|5294357.091219||150
1943673.9448852|5294437.091219||150
1943673.9448852|5294517.091219||150
1943673.9448852|5294597.091219||150
1943673.9448852|5294677.091219||150
1943673.9448852|5294757.091219||150
1943673.9448852|5294837.091219||150
1943673.9448852|5294917.091219||150
1943673.9448852|5294997.091219||150
1943673.9448852|5295077.091219||150
1943673.9448852|5295157.091219||150
1943673.9448852|5295237.091219||150
1943753.9448852|5293317.091219||150
1943753.9448852|5293397.091219||150
1943753.9448852|5293477.091219||150
1943753.9448852|5293557.091219||150
1943753.9448852|5293637.091219||150
1943753.9448852|5293717.091219||150
1943753.9448852|5293797.091219||150
1943753.9448852|5293877.091219||150
1943753.9448852|5293957.091219||150
1943753.9448852|5294037.091219||150
1943753.9448852|5294117.091219||150
1943753.9448852|5294197.091219||150
1943753.9448852|5294277.091219||150
1943753.9448852|5294357.091219||150
1943753.9448852|5294437.091219||150
1943753.9448852|5294517.091219||150
1943753.9448852|5294597.091219||150
1943753.9448852|5294677.091219||150
1943753.9448852|5294757.091219||150
1943753.9448852|5294837.091219||150
1943753.9448852|5294917.091219||150
1943753.9448852|5294997.091219||150
1943753.9448852|5295077.091219||150
1943753.9448852|5295157.091219||150
1943753.9448852|5295237.091219||150
1943833.9448852|5293317.091219||150
1943833.9448852|5293397.091219||150
1943833.9448852|5293477.091219||150
1943833.9448852|5293557.091219||150
1943833.9448852|5293637.091219||150
1943833.9448852|5293717.091219||150
1943833.9448852|5293797.091219||150
1943833.9448852|5293877.091219||150
1943833.9448852|5293957.091219||150
1943833.9448852|5294037.091219||150
1943833.9448852|5294117.091219||150
1943833.9448852|5294197.091219||150
1943833.9448852|5294277.091219||150
1943833.9448852|5294357.091219||150
1943833.9448852|5294437.091219||150
1943833.9448852|5294517.091219||150
1943833.9448852|5294597.091219||150
1943833.9448852|5294677.091219||150
1943833.9448852|5294757.091219||150
1943833.9448852|5294837.091219||150
1943833.9448852|5294917.091219||150
1943833.9448852|5294997.091219||150
1943833.9448852|5295077.091219||150
1943833.9448852|5295157.091219||150
1943833.9448852|5295237.091219||150
1943913.9448852|5293317.091219||150
1943913.9448852|5293397.091219||150
1943913.9448852|5293477.091219||150
1943913.9448852|5293557.091219||150
1943913.9448852|5293637.091219||150
1943913.9448852|5293717.091219||150
1943913.9448852|5293797.091219||150
1943913.9448852|5293877.091219||150
1943913.9448852|5293957.091219||150
1943913.9448852|5294037.091219||150
1943913.9448852|5294117.091219||150
1943913.9448852|5294197.091219||150
1943913.9448852|5294277.091219||150
1943913.9448852|5294357.091219||150
1943913.9448852|5294437.091219||150
1943913.9448852|5294517.091219||150
1943913.9448852|5294597.091219||150
1943913.9448852|5294677.091219||150
1943913.9448852|5294757.091219||150
1943913.9448852|5294837.091219||150
1943913.9448852|5294917.091219||150
1943913.9448852|5294997.091219||150
1943913.9448852|5295077.091219||150
1943913.9448852|5295157.091219||150
1943913.9448852|5295237.091219||150
